############### ORDENADOS #################


UNIDADE DE TEMPO: SEGUNDOS
PARA CONVERTER TEMPO: www.convertworld.com/pt/tempo/segundos.html

////////////////////////////////////////////
	MErgeSort [5000]
///////////////////////////////////////////

0.03438575400014088
0.02669627399973251
0.04953223600023193
0.03445848899991688
0.025539104000017687
0.025469772000178637
0.025610031999349303
0.025551798999913444
0.025490088999504223
0.025819513999522314
0.025538500000038766
0.025499891000436037
0.02547844300079305
0.02608227699965937
0.025857300000097894
0.02558744999987539
0.02586942000016279
0.02592636500048684
0.025517342999592074
0.02585436099980143
0.0254847799997151
0.0264395140002307
0.02595138600008795
0.025719137000123737
0.025558702000125777
0.025547408000420546
0.025733578000654234
0.025741383000422502
0.025495257999864407
0.025941820999833


////////////////////////////////////////////
	MErgeSort [10000]
///////////////////////////////////////////


0.06385713500003476
0.05941969600007724
0.05607729599978484
0.05758274799973151
0.05723781600045186
0.055765665000762965
0.05568282099920907
0.05513329600034922
0.05496458000015991
0.05484652900031506
0.054790315999525774
0.05488358200000221
0.055758996999429655
0.06027518900009454
0.05463894800050184
0.055044513999746414
0.05455483199966693
0.05503502000010485
0.05469272599930264
0.055735302999892156
0.056969170999764174
0.05839360499976465
0.05850224500045442
0.05757965100019646
0.05633739000040805
0.05616342999928747
0.05516017100035242
0.0548717020001277
0.060310908000246854
0.06082907600011822


////////////////////////////////////////////
	MErgeSort [20000]
///////////////////////////////////////////

0.1329240260001825
0.12082150900005217
0.12715346999993926
0.1250515700003234
0.13078994100033015
0.12309549899964622
0.11783760900016205
0.12025812799947744
0.1306929130005301
0.13460422299976926
0.1355822330006049
0.130724470000132
0.1198500629998307
0.1184086009998282
0.11717596699963906
0.1196142789995065
0.13620658299987554
0.12066123000022344
0.11636312500013446
0.11658956799965381
0.1171585709998908
0.11777307699958328
0.11668327799998224
0.15249966999999742
0.12400667600013549
0.12995175200012454
0.1320043039995653
0.13201699699948222
0.13933483700020588
0.12898685800064413

