############### ORDENADOS #################


UNIDADE DE TEMPO: SEGUNDOS
PARA CONVERTER TEMPO: www.convertworld.com/pt/tempo/segundos.html

////////////////////////////////////////////
	QuickSort [5000]
///////////////////////////////////////////

0.01907513799960725
0.012167359000159195
0.012025209000057657
0.012327459000516683
0.012184698000055505
0.01220672499948705
0.0114913429997614
0.011418623000281514
0.012142585000219697
0.011409286000343855
0.011426222999944002
0.01140643500002625
0.013556633000007423
0.012198737999824516
0.011861635000059323
0.01200675499967474
0.01148108699999284
0.011399191999771574
0.011422810999647481
0.011388781999812636
0.011390523999580182
0.011422563000451191
0.011479548999886902
0.011764537999624736
0.011458588999630592
0.011594261000027473
0.011469600000054925
0.011479486000098404
0.01140674999987823
0.011439278000580089


////////////////////////////////////////////
	QuickSort [10000]
///////////////////////////////////////////

0.030157852000229468
0.02460174200041365
0.024277956999867456
0.024817157000143197
0.02392782199967769
0.023954985000273155
0.02408235899929423
0.02398421599991707
0.02391344400075468
0.02396857700023247
0.02390969300085999
0.024109329000566504
0.023953191000146035
0.026594181999826105
0.025694875000226602
0.027220461000069918
0.026733175999652303
0.027380159000131243
0.027167735999682918
0.02853334899918991
0.02826495299996168
0.02849287600020034
0.026278904999344377
0.0257979689995409
0.025387918999513204
0.02557810999951471
0.024220020000029763
0.0256366399999024
0.023866403000283753
0.024005830999158206



////////////////////////////////////////////
	QuickSort [20000]
///////////////////////////////////////////

0.059561342999586486
0.05330982400028006
0.052645372999904794
0.05098359000021446
0.051653993999934755
0.05177732699939952
0.0524339539997527
0.05385443799968925
0.05069041800015839
0.051115902000674396
0.050562519000777684
0.05033459900005255
0.05015215599996736
0.05359284399946773
0.05177120799999102
0.05082506300004752
0.05245785300030548
0.05532823599969561
0.057555596999918635
0.0576453900002889
0.05785198700050387
0.05258058500021434
0.050831434000429
0.05161103700083913
0.05140942300022289
0.0511021640004401
0.050017475000458944
0.05053052699986438
0.05184453800029587
0.053770673999679275


