############### ORDENADOS #################


UNIDADE DE TEMPO: SEGUNDOS
PARA CONVERTER TEMPO: www.convertworld.com/pt/tempo/segundos.html

////////////////////////////////////////////
	ShellSort [5000]
///////////////////////////////////////////

0.020092658000066876
0.014091934000134643
0.014248798999688006
0.014068313999814563
0.01382676600042032
0.014533128000039142
0.013880307000363246
0.0138436389997878
0.013774144999842974
0.013775478000752628
0.01392677400053799
0.01385077199938678
0.013846418000866834
0.013941469000201323
0.013762376999693515
0.013743292999606638
0.014179169999806618
0.013865072000044165
0.013937512000666175
0.01379326400001446
0.013831199999913224
0.013841515000422078
0.013773760999356455
0.013691633000235015
0.013818817999890598
0.013751161999607575
0.013904628999625857
0.014161346000037156
0.013847302000613126
0.013757527000052505


////////////////////////////////////////////
	ShellSort [10000]
///////////////////////////////////////////

0.036719216000165034
0.030258587999924202
0.030690059999869845
0.03187386600075115
0.0313904549993822
0.03196779700010666
0.03175136199934059
0.03146151000055397
0.03128868900057569
0.031742223000037484
0.03170766499988531
0.03136789400014095
0.03158788500059018
0.03070652099995641
0.0314421470002344
0.029491574000530818
0.029523633000280824
0.030002461000549374
0.029726929999924323
0.035786852999990515
0.029678319000595366
0.029789234999952896
0.029632185999616922
0.02956060199994681
0.02966587300034007
0.02968677300032141
0.029494028999579314
0.029599548000078357
0.029606322999825352
0.029656087999683223


////////////////////////////////////////////
	ShellSort [20000]
///////////////////////////////////////////

0.07261774099970353
0.06503050000083022
0.06711485800042283
0.06213875699995697
0.06180419099928258
0.06164890200034279
0.06461962499997753
0.06658581800002139
0.06714220400044724
0.07083803399928001
0.07171038500018767
0.0692890600003011
0.06456135099961102
0.062250086999483756
0.06204867700034811
0.06977467399974557
0.07956608699987555
0.06785775899970758
0.06645673300045019
0.06228267100050289
0.06403831399984483
0.06575257499935105
0.06737620999956562
0.0622668079995492
0.06213313599982939
0.062427300000308605
0.06283597400033614
0.06209840900010022
0.06207594300030905
0.06190541700016183

