############### ORDENADOS #################


UNIDADE DE TEMPO: NANOSSEGUNDOS
PARA CONVERTER TEMPO: www.convertworld.com/pt/tempo/segundos.html

////////////////////////////////////////////
	SHellSort [5000]
///////////////////////////////////////////

3317226
6635980
186570
154366
235179
154076
153320
201872
161984
154027
202640
153249
283863
37765
37261
37428
37248
37247
37214
37252
37403
37293
37252
37326
54649
37229
66413
37200
37195
37162



////////////////////////////////////////////
	SHellSort [10000]
///////////////////////////////////////////


9591598
4087903
86116
137068
85662
493541
85796
85693
85742
85818
85721
85690
85704
85746
85645
99078
85925
85732
85722
87972
85702
85712
85747
85678
85672
101563
85710
85700
85717
85706



////////////////////////////////////////////
	SHellSort [20000]
///////////////////////////////////////////

9664961
3885383
186399
202716
185371
185539
201782
185433
185373
205432
185311
185408
245268
203304
185366
185287
212699
185334
185321
185614
185302
185428
203652
185427
185383
201699
185410
185363
201671
202467
