############### ORDENADOS #################


UNIDADE DE TEMPO: NANOSSEGUNDOS
PARA CONVERTER TEMPO: www.convertworld.com/pt/tempo/segundos.html

////////////////////////////////////////////
	QucikSort [5000]
///////////////////////////////////////////

4086660
4871436
174189
138759
168635
139328
155764
164360
139449
139182
139532
139055
139113
139278
138800
142667
167868
139234
169008
139041
218688
170417
139098
166708
139520
141336
179176
139515
169589
139597




////////////////////////////////////////////
	QucikSort [10000]
///////////////////////////////////////////

4533125
297334
296325
298879
333954
345295
314934
313840
314703
336670
322408
322612
298515
296980
349359
346730
289452
293291
296159
300085
380381
336256
307547
325236
346595
382623
7464258
358456
332870
374148


////////////////////////////////////////////
	QucikSort [10000]
///////////////////////////////////////////

6419496
637408
613494
636117
709867
733449
689038
640050
648853
646785
2736457
647244
5814607
696911
705849
744993
629097
669873
623617
681640
628882
634470
631193
643594
676925
623497
813615
682362
946912
658690




