############### ORDENADOS #################


UNIDADE DE TEMPO: NANOSSEGUNDOS
PARA CONVERTER TEMPO: www.convertworld.com/pt/tempo/segundos.html

////////////////////////////////////////////
	MergeSort [5000]
///////////////////////////////////////////

6958014
1353229
1338294
2045552
1449094
1361469
1432973
1321223
1366650
1195635
6974533
1298118
1238927
1205188
1234823
1242550
1239273
1195809
7059307
1232203
8384917
1233987
3341671
1538129
1317490
499015
453182
460277
1054843
5034497

////////////////////////////////////////////
	MergeSort [10000]
///////////////////////////////////////////

9778477
2711727
2636180
2715900
10693185
2724115
2529654
5404804
2448469
2447180
2406324
2471902
2907887
1496043
996071
882027
910584
1200614
1783412
902627
877075
977918
880165
1552708
862170
959378
922636
980439
1417727
874452


////////////////////////////////////////////
	MergeSort [20000]
///////////////////////////////////////////


31121320
12859747
14205382
13769098
10502202
16364688
8610234
2191900
2488440
1994807
2028446
7410363
1936009
2590202
2050378
8260392
2042769
2986841
5080120
2042308
2589482
1967365
7273962
1824258
2476149
2112739
1831924
1913503
1907838
2376294
