############### ALEATÓRIOS #################


UNIDADE DE TEMPO: NANOSSEGUNDOS
PARA CONVERTER TEMPO: www.convertworld.com/pt/tempo/segundos.html

////////////////////////////////////////////
	QuickSort [5000]
///////////////////////////////////////////

4266565
839933
520795
458178
440072
441703
422065
439032
468363
443298
485921
470841
438172
448600
440542
439608
439949
439065
444196
483205
444951
447540
445738
437416
470066
441448
441016
6123710
505901
483259


////////////////////////////////////////////
	QuickSort [10000]
///////////////////////////////////////////

12145953
1222320
1440523
2279334
1711280
1586645
1586413
996176
976824
901409
942172
1599107
6661113
969090
950181
1049154
930215
1078844
1075286
1003081
968544
1014971
6527395
1173657
1188226
984813
977481
935676
1007006
979714




////////////////////////////////////////////
	QuickSort [20000]
///////////////////////////////////////////

12589480
3329549
3356169
3198343
3242843
3202963
8811782
1845147
1918387
2600123
2013515
2092670
1967689
2007943
2123134
2209730
7774544
2151778
2503971
2064894
2460940
3113348
2112962
2108474
2228706
7799695
2204125
2291777
2085287
2100896



