############### ALEATÓRIOS #################


UNIDADE DE TEMPO: NANOSSEGUNDOS
PARA CONVERTER TEMPO: www.convertworld.com/pt/tempo/segundos.html

////////////////////////////////////////////
	MergeSort [5000]
///////////////////////////////////////////

7391632
1371423
1355712
1331973
1471029
1375647
2177113
1369120
1322372
1371659
1378681
1360090
10763472
2484123
5486713
2252885
2227457
1325709
7048124
1360832
1575036
1623287
6505621
1412037
1575564
1363974
2063089
1395038
1374852
1629828



////////////////////////////////////////////
	MergeSort [10000]
///////////////////////////////////////////

13395445
3523311
3652084
2851013
2968296
2873673
3158593
4584186
8230448
2983498
2881749
4417902
3798057
3121811
3002188
2943576
3661352
4893032
2916607
7292494
2727818
2056417
1664790
1501098
1599748
1510614
9296250
1509543
1568857
1486578


////////////////////////////////////////////
	MergeSort [20000]
///////////////////////////////////////////

19176843
8891102
13392100
12121683
8580127
15628369
14391747
21132334
16430030
5617571
3303721
9150791
4527988
15888192
3960572
6775650
15752128
3269141
4822560
7257677
3376651
3991799
7922198
4998137
6591805
4114948
15522284
6202389
9763831
8815987





