############### ALEATÓRIOS #################


UNIDADE DE TEMPO: NANOSSEGUNDOS
PARA CONVERTER TEMPO: www.convertworld.com/pt/tempo/segundos.html

////////////////////////////////////////////
	SHellSort [5000]
///////////////////////////////////////////

8218515
1333507
1184835
1219780
1230418
803759
740914
794048
600946
600636
694651
658667
573560
571613
574528
588196
574131
591009
572242
594345
571304
572138
583566
571534
571343
598903
592823
571744
595305
6059165



////////////////////////////////////////////
	SHellSort [10000]
///////////////////////////////////////////

20288248
1669685
1619866
1628096
1663520
1623393
1680257
1485400
1484596
1499933
1508874
1505893
7555742
1541872
1381601
2013545
1515791
1600265
1492697
1521070
10602718
1388492
1268304
1551714
1321695
1352877
1336391
1632333
1420350
1452320



////////////////////////////////////////////
	SHellSort [20000]
///////////////////////////////////////////

13767077
7272882
8227312
3181322
3142564
3167633
3183819
8806163
3275168
2882421
3713944
2759349
2914119
8644310
3039170
3145770
3003202
4512245
2831765
2860439
2791376
7176444
3106587
3025246
2891689
3034911
2949256
3140045
8900938
3093714



