############### ALEATÓRIOS #################


UNIDADE DE TEMPO: SEGUNDOS
PARA CONVERTER TEMPO: www.convertworld.com/pt/tempo/segundos.html

////////////////////////////////////////////
	MergeSort [5000]
///////////////////////////////////////////

0.0423138320002181
0.034389568000278814
0.03298065399985717
0.032703813000352966
0.03382213499980935
0.033003274999828136
0.03322665599989705
0.03272334100029184
0.032725075999678666
0.03250212500006455
0.03255774899980679
0.03274621699983982
0.032734397999774956
0.03262466399974073
0.0327534379998724
0.03267824299973654
0.03247419600029389
0.03322518599998148
0.03287982900019415
0.03787658700002794
0.03294495600039227
0.03336875700006203
0.03380691700021998
0.035422378000021126
0.034352145999946515
0.034914724999907776
0.03500774900021497
0.03468626799985941
0.03392990700012888
0.03453543900013756


////////////////////////////////////////////
	MergeSort [10000]
///////////////////////////////////////////

0.0788759819997722
0.0733134790002623
0.06859163100034493
0.06845792900003289
0.06855238100024508
0.06952724800021315
0.07113314299976992
0.07137843100008467
0.07035549300007915
0.06904822799970134
0.07138895399975809
0.07212180400028956
0.06908040999996956
0.07037299800003893
0.06888126200010447
0.07237592000001314
0.06813834700005827
0.06853872000010597
0.06856360500023584
0.06817720500021096
0.06851949199972296
0.06926689100009753
0.06879387800017867
0.07039397000016834
0.07141678200014212
0.073260535999907
0.07034563300021546
0.06917817300018214
0.07897360500010109
0.0716096640003343


////////////////////////////////////////////
	MergeSort [20000]
///////////////////////////////////////////

0.15316743599987603
0.1498945109997294
0.14743329999964772
0.1516064100001131
0.14541172500003086
0.14816887099959786
0.1607362709996778
0.17895989799990275
0.1607985299997381
0.15364582700021856
0.15888824199964802
0.14639628400027505
0.17403628700003537
0.1631530089998705
0.1660765920000813
0.15133036499992158
0.16822069999989253
0.16253584000014598
0.1549298509999062
0.14902167500031283
0.1463395800001308
0.14631991699980063
0.15130881499999305
0.14531523400000879
0.14742475599996396
0.1488639310000508
0.14616740100018433
0.14618430299969987
0.14851693000036903
0.15100676100018973
