############### ALEATÓRIOS #################


UNIDADE DE TEMPO: SEGUNDOS
PARA CONVERTER TEMPO: www.convertworld.com/pt/tempo/segundos.html

////////////////////////////////////////////
	QuickSort [5000]
///////////////////////////////////////////

0.024898181000025943
0.018704560000060155
0.017303337999692303
0.01712992700004179
0.01797846399995251
0.017459187999975256
0.017675365000286547
0.017766613000276266
0.01728658500042002
0.01758049599993683
0.017301073999988148
0.017275050000080228
0.017346046999591636
0.01749112800007424
0.017330976000266674
0.01764699200020914
0.017889890000333253
0.01816784299990104
0.017843509999693197
0.01731231299982028
0.017131002000041917
0.01718867300041893
0.01730039099993519
0.01770622899994123
0.017580278999957955
0.01729092400000809
0.017458515999805968
0.01734112600024673
0.017333039999812172
0.017342471000119986



////////////////////////////////////////////
	QuickSort [10000]
///////////////////////////////////////////

0.044384109000020544
0.03710880800008454
0.038381916000162164
0.03844039100022201
0.038497999000355776
0.03847157600011997
0.03667449400018086
0.03765574799990645
0.03717273699976431
0.03696439100031057
0.03665086399996653
0.0370045590002519
0.03709848399967086
0.03667535099975794
0.036833975999797985
0.036674207000032766
0.03684300299983079
0.03658049600016966
0.036507055000129185
0.03668760100026702
0.03688742300028025
0.03665527800012569
0.03676486599988493
0.03695968400006677
0.03703790600002321
0.0406986639995921
0.03672821700001805
0.03743632600026103
0.036896652999985236
0.03695496099999218


////////////////////////////////////////////
	QuickSort [20000]
///////////////////////////////////////////

0.08546828899989123
0.08140622900009475
0.07896858399999473
0.08082006699987687
0.07939114100008737
0.0799921230000109
0.0794681560000754
0.08104286700017838
0.07964928799992776
0.09702291499979765
0.08858309600009306
0.07899945600001956
0.08090203299980203
0.07806274299991856
0.07805746600024577
0.07791813400035608
0.07885356499991758
0.08076026100025047
0.08155624799974248
0.08236527400003979
0.08254952600009346
0.08030798900017544
0.08260286899985658
0.08000975899994955
0.09367530999998053
0.07937542299987399
0.08328775300014968
0.0839122329998645
0.07797277800000302
0.07872451399998681
