############### ALEATÓRIOS #################


UNIDADE DE TEMPO: SEGUNDOS
PARA CONVERTER TEMPO: www.convertworld.com/pt/tempo/segundos.html

////////////////////////////////////////////
	ShellSort [5000]
///////////////////////////////////////////

0.050777629999629426
0.03245944799982681
0.03331526700003451
0.034331235000081506
0.03333603700002641
0.033884007000324345
0.03396010899996327
0.03334326300000612
0.03330218400014928
0.03361769999992248
0.032309925999925326
0.03261925200013138
0.03110908799999379
0.03232747099991684
0.031412641999850166
0.0313972570002079
0.031305637000059505
0.031129936000070302
0.03125154300005306
0.031192594999993162
0.03123869499995635
0.031200203000025795
0.03167347700036771
0.031120136000026832
0.031461032000152045
0.03148647999978493
0.03138578400012193
0.03142736900008458
0.031217650000144204
0.031144724999649043


////////////////////////////////////////////
	ShellSort [10000]
///////////////////////////////////////////

0.08470306300023367
0.07826132199988933
0.07605265100028191
0.07595152500016411
0.07583654699965336
0.07901173600021139
0.07481725399975403
0.0745852449999802
0.07474216399987199
0.07490005399995425
0.07515552299992123
0.07501723499990476
0.07628892000002452
0.07521528100005526
0.07699565400025676
0.0804294409999784
0.07864248999976553
0.07898229600004925
0.08147814600033598
0.07817908600009105
0.07757508800023061
0.0751361640000141
0.075174466000135
0.07501272399986192
0.07630254099967715
0.08337538800014954
0.08672283899977629
0.07745026800012056
0.07575020300009783
0.07547810999994908



////////////////////////////////////////////
	ShellSort [20000]
///////////////////////////////////////////


0.18996052900001814
0.1803375419999611
0.18196376500009137
0.1877732510001806
0.20148584399976244
0.18009494100033407
0.18462180999995326
0.21857064899995748
0.1884364249999635
0.2037670659997275
0.2176803999996082
0.20093628600034208
0.1947842699996727
0.18374968199987052
0.17877298099983818
0.19547195499990266
0.24069204599982186
0.4606935679998969
0.1853930339998442
0.18813382899998032
0.21253318200024296
0.22033073199963837
0.23394697000003362
0.1937013459996706
0.20452627499980736
0.2412869910003792
0.20148338099988905
0.18981005499972525
0.19720580800003518
0.21546649099991555
