5245
1939
8824
2523
2013
8803
8212
4793
4257
4124
6642
8893
3973
9288
5698
5388
8468
3957
5281
8205
5026
6561
8709
5464
3952
1474
9834
4428
7788
3979
6512
3268
2331
5796
5924
5129
6705
2752
8677
822
4204
7700
1650
7549
3899
4017
5903
1744
1763
7960
3090
9979
9726
1620
4052
8508
2791
8855
6431
1777
4466
1601
6406
1904
2295
9318
6137
668
7109
5655
280
3351
9807
310
5360
8843
8294
3850
4358
6302
1898
8994
4146
2808
3820
3772
7111
6935
203
7527
7850
3606
1165
8693
5545
2393
5098
4305
6806
3584
9403
9457
7190
5853
3328
2788
1083
2052
1928
1702
6821
9203
2121
5049
2353
8437
250
6897
320
5023
5621
5072
6782
4129
5138
9721
8772
9500
2323
3868
7485
2904
2656
3270
8852
7181
6157
1889
9609
595
9029
1929
9264
2711
5624
9102
359
578
2350
7414
7578
4469
7574
4430
308
1797
4968
5260
1116
8126
4596
5117
1192
3979
3308
8692
9378
7579
5162
5838
5947
8372
5557
5213
2849
3595
2772
1617
3355
7401
6192
5618
4644
7775
2699
8944
5388
7095
3529
6203
156
3689
6779
1513
6941
8573
3726
2297
3923
6837
6441
7085
386
2278
4072
1958
6077
8394
5910
3077
1333
1565
2281
2283
4513
8571
9950
5017
1079
2216
4361
2266
8222
221
5810
1315
9766
1336
9027
8385
6415
8190
6139
9062
9706
6521
1931
1201
8555
161
6760
5622
9150
7209
2783
2413
8758
6372
9385
8281
613
9008
8944
6749
8146
6508
5895
2926
5735
1220
3085
5920
26
521
3805
7928
1005
743
6350
4234
9138
9509
1160
5188
1948
4744
3602
1191
5357
1345
573
762
7691
8251
8114
1
1289
3235
911
2331
3585
7071
5469
2882
755
6142
8546
9307
2091
6962
3363
6284
2859
9849
9602
2137
1542
6701
6142
7694
8948
7425
448
1579
2530
8362
7164
746
4830
3734
6223
7980
3464
2796
1835
535
7960
728
7328
110
1312
7749
9535
6219
4598
9844
3128
4389
5263
7022
3192
7721
6593
1955
6683
6983
4914
8371
6922
2956
975
7092
1490
5971
1530
9292
91
1622
5807
1874
2219
8346
3267
7590
5335
8826
7265
8978
6427
6580
2222
5375
6177
3107
4948
9708
7543
4477
1930
42
8836
4832
6044
1969
2965
8585
1567
7749
6379
8695
1883
6481
1815
5840
4952
2651
5678
7388
1638
9092
6025
4864
9678
8262
6414
7304
4091
2304
9383
3869
3205
4135
3765
1767
2228
3702
9805
1467
7576
9063
5974
801
8419
5146
8687
3449
880
3338
2995
834
1340
6596
2015
522
8611
303
3648
4655
168
2236
1312
7829
7644
39
7621
7426
2364
919
5044
2001
4892
9321
9597
2951
1575
5286
2730
2569
7900
7093
5588
9955
8028
9677
7051
4264
2294
6562
5085
8539
5384
4925
7707
495
8415
1872
8253
5699
5083
4681
9527
4420
1007
7777
2902
2681
3116
6818
37
1904
2452
1803
1038
5344
982
2559
8198
1805
3256
7797
1115
6717
1545
6642
5540
38
4920
627
3670
5268
5892
495
4200
9319
8858
5733
5553
2958
2069
1916
369
4891
2034
1194
7358
5451
3120
9207
3310
7278
6851
1174
7103
8897
4787
8397
6759
9080
2026
8914
1478
170
8017
5495
832
9974
7642
8922
3738
846
5406
3574
3418
2103
9434
8751
9919
3801
2187
1686
7353
4295
8441
9068
1875
8522
1610
2243
3519
1475
9723
9263
3883
525
4187
7653
1196
5893
7180
572
1347
6053
236
4680
9314
5155
381
9928
2020
5432
9646
2825
7107
6638
2704
6122
5160
4956
9393
5225
2467
4946
9071
633
9972
3260
3965
2818
9950
3789
141
6538
6800
7344
416
8857
7636
1684
3760
2278
350
4192
41
3295
3540
1398
6009
3148
1348
2661
6403
5584
336
6758
1301
8336
4425
7199
2720
7310
3708
1291
3236
2569
1111
9068
1640
4894
7597
5242
5676
7465
3761
6869
2541
1236
8929
8940
4885
849
4691
5819
6830
2155
1595
7028
2401
6171
1276
3830
9608
2026
3836
982
5268
8773
8513
8018
8753
6085
4049
6027
6860
2601
1227
1503
1641
7690
1761
3162
9808
351
3437
613
1323
405
1932
8185
5813
9625
3758
9373
4271
8919
5886
7187
3339
1472
6502
2491
6205
3091
4410
6744
5610
5764
540
1255
8222
5940
4692
6027
7588
5254
2335
5973
7527
2859
1880
9032
2923
3086
1566
7464
6184
8503
685
9698
7670
8754
6274
7951
4279
9436
450
3998
5437
8950
5183
3245
6907
8323
2655
3212
9390
5885
8390
2962
2521
5919
9654
7538
4187
3632
9164
1484
1133
4524
210
4973
3677
9418
2985
3971
8271
6906
8600
2975
9215
352
2784
164
4587
5680
495
5621
5620
5613
7064
5259
8405
5119
915
4583
4962
4346
3671
4860
1873
861
9043
8677
1665
8062
5997
6725
5545
4662
5627
1253
7340
2035
7941
5454
5907
2130
6465
6433
3966
7617
2416
7961
3800
6275
5683
5377
534
8660
681
5586
5015
4819
6446
7222
481
4781
1770
7030
2882
7334
2850
4395
4632
8917
3493
6004
3315
7082
562
6187
559
1548
5502
8733
1213
8678
1990
7691
9191
6970
2785
3601
6728
2091
7731
8196
8079
1819
557
339
8297
5937
3040
2012
9587
6663
1159
2004
9006
7987
8044
3416
4324
1523
7673
7860
4082
9820
930
5923
5773
143
6260
1394
1171
45
7416
3723
8851
2769
5131
3259
7925
9627
1700
3335
3228
7231
790
2059
713
613
1904
6611
5544
4145
755
5062
8821
7883
6146
2655
5556
9796
1917
667
9690
5080
4778
8317
5116
3308
8883
1738
1633
103
5169
3412
5103
9363
1677
8540
4670
3844
2511
4571
619
2411
4545
7524
2006
8316
830
1509
1229
4773
8825
416
5103
6471
6078
9776
8864
9289
3954
4726
5277
5385
3390
8532
7754
2375
3711
4699
3825
751
389
3510
6140
21
6643
9201
3413
4817
3455
8399
6468
3380
1927
6010
214
6568
1778
3959
5968
4061
685
945
39
8119
318
1232
3357
5698
8434
1821
7518
911
2665
1212
216
1218
1043
7812
462
100
6782
7731
1253
1528
2603
7588
9147
2048
4017
2551
2797
5143
5881
9929
8747
4022
6806
844
6289
788
8026
1104
398
8508
2431
5523
567
617
7126
7953
2868
9464
9459
174
6527
6417
5286
999
74
8739
2458
4520
1301
5690
4523
9342
796
4235
6884
787
2356
416
7234
4158
7769
1923
4694
8517
1368
687
752
8202
2678
9783
4175
5313
7214
2694
911
8926
1153
512
8293
1041
2538
3996
20
5773
3040
7753
1848
164
9071
99
8735
4001
291
6184
9850
3125
5491
1076
5098
3946
9740
6701
4421
6348
5305
5095
4028
4628
3847
3939
6842
8606
2026
8298
2663
1532
6521
1686
3916
4739
2472
1181
7148
4533
4852
4776
8496
5201
9521
5566
1497
2257
6683
3180
8370
7937
471
94
9403
5125
1814
2954
4919
3729
9948
6916
6583
4204
5517
2933
5765
4872
6312
9223
1608
7288
9052
631
8054
1476
4156
3590
3706
4906
554
7442
5393
9730
3700
4154
8767
5414
2519
4008
2743
6349
861
9011
5403
7441
6983
9499
1314
3753
9438
262
6131
824
4012
7618
202
6428
3457
5991
2506
1879
3146
3165
6268
7152
1182
6433
6984
6761
941
9882
1383
3309
435
1511
7677
9910
8246
2503
2044
7617
4329
7823
7117
7330
557
3359
2177
2923
418
2653
2247
2307
3321
759
7087
6453
4611
2112
6456
5141
136
1725
1334
4414
6402
8087
4557
5556
8778
1074
5706
7509
5618
1063
6328
4736
7609
194
2921
6598
1413
3148
5600
8309
3312
3292
1092
6005
8284
5055
3098
3104
5640
109
1811
8569
925
6561
1948
1930
9778
6538
3547
8503
4267
7443
6819
7221
2578
9566
2531
6828
6656
6977
5598
2659
8676
8018
3332
2275
1646
3653
5519
3303
6424
9755
628
2343
4579
2269
6363
6910
9488
962
4320
4981
2392
1974
3833
6299
81
140
6841
2055
2556
8105
9949
7311
318
315
2524
9662
591
3832
1028
9895
1245
2794
5725
8509
1273
8973
8037
164
2661
6760
9729
3532
6868
5205
6902
9425
8420
1055
5419
7903
2506
4235
4581
2769
9248
4917
9566
8558
1547
5410
5120
430
8069
3739
5544
8980
2071
6599
7087
7831
3056
6579
7251
743
8627
8464
3318
2624
1347
1124
9266
7043
700
9321
2237
591
5377
9963
2180
7157
5632
4117
3058
4260
5317
2134
3046
5048
3882
6937
7456
7909
4654
7735
3443
5622
114
5227
168
7855
604
1830
3773
6278
1804
9411
7461
1050
6126
6646
2470
7126
1110
7784
9146
2678
9697
5862
2677
4311
7000
8042
465
3725
7988
6862
3469
5018
2537
5712
8325
2088
1323
7475
4109
1954
5055
911
4284
1080
2774
4156
7395
8305
7259
3484
8125
4921
5060
4858
2286
1425
550
8872
2404
432
4001
7840
8760
8245
2607
5344
3572
3267
878
171
1701
1709
9286
7073
6507
8202
766
9812
2421
6037
8731
462
5157
1228
2310
5664
3381
2159
4836
5847
8421
143
7695
3865
3547
3558
226
1372
3123
8375
8791
3188
2864
8349
6894
4900
3216
3012
8128
2782
4458
8861
8051
1333
7742
935
7056
4248
3322
977
8164
5311
6610
6597
3795
5092
6422
1515
3824
139
4802
6080
6208
6683
5126
7958
6062
3841
5702
4166
189
8828
7112
7912
2139
9985
4496
9906
1708
9723
2540
8789
9326
9562
3476
2079
7486
5050
8949
1362
2650
234
6322
3437
5233
6157
2089
7462
2861
9910
8773
5165
5066
6068
966
7707
7437
1081
5522
3950
5198
8316
3543
1975
1347
6991
315
2662
9082
1730
2372
6835
5395
5589
7673
6058
5363
408
7449
8681
6961
4805
2634
2966
2115
7173
725
1638
4864
986
3897
5976
3808
6249
3970
8381
3783
1505
9647
4138
5080
1643
2880
6895
416
4821
7161
9393
2647
5043
2922
2408
5074
4515
8869
4913
4735
1970
1254
6095
2364
8246
9380
4161
7667
745
6586
5816
5986
2553
344
6097
2227
17
7575
8829
1109
5108
8540
4776
474
587
3772
8014
9674
3891
5057
174
8157
6502
3829
6701
8385
3561
5993
2710
6823
8162
3670
8337
6115
3986
8577
5099
3742
1180
4490
1851
5804
4108
7168
885
6128
5790
4564
5924
5932
2417
5238
7702
579
4915
6057
4485
6119
3696
5210
3222
5952
8384
9028
7884
23
368
5138
6838
3842
9050
8424
8926
289
6308
4971
4441
7846
5867
4584
193
1307
9594
8392
404
601
9116
5196
2420
5725
4212
8675
8925
8027
2580
2464
930
7613
9704
7180
9664
5293
2512
7243
9642
2791
4573
5
8834
4691
8128
9800
992
5659
4333
471
9716
2561
5324
3051
6942
2270
8350
9729
6831
8534
215
4180
473
2537
1387
1584
5421
4297
7439
9344
6793
5839
1030
2175
8132
7723
9945
4922
5246
4616
9545
5065
5724
3137
5386
281
1844
4193
8730
605
4805
7218
7162
6662
3613
3603
4067
9411
5208
3687
2736
2803
7027
8258
7003
4670
1389
2593
3533
8855
9039
7453
9996
6892
4172
6711
5331
5057
1130
2361
2299
8852
5848
4087
4065
7207
1761
8417
5890
2705
505
5648
2866
88
105
4275
6925
4063
8344
2589
7907
6763
5286
557
5163
2238
3609
3921
5621
4520
1345
3100
8121
2517
4893
6556
5011
2297
7
2379
8458
199
3555
4195
1322
9269
6905
7673
6986
3741
4340
4865
6644
7917
2950
7004
9045
8189
3716
6698
9693
5574
9574
6890
9356
3589
7025
3469
7189
608
348
9832
9883
6441
8027
2085
2285
1628
1194
3012
7508
969
1457
9178
3314
5810
342
2852
3673
1428
4069
4232
6650
184
4987
6245
732
5652
3498
8116
8125
9648
5188
2646
5026
8834
2473
6522
8769
2806
1021
2633
6614
8239
4504
2930
2382
2083
5926
388
4722
5281
4289
9500
9737
6503
3663
1191
9422
9478
5383
2964
6253
8019
8501
361
1657
3407
1124
2737
1891
4102
7345
9889
7347
3044
4292
4359
8641
3076
5488
6698
4880
7348
3526
635
2614
3595
2561
3414
3290
2929
5374
66
4196
2222
463
6503
4349
8096
4151
165
6588
7501
4409
3651
8754
7789
3170
8354
625
568
3930
2588
7123
3672
9952
5275
8155
3963
3880
3517
6553
679
336
2942
2027
408
2396
6582
9462
644
4768
1116
3941
2475
8899
1490
2331
9904
4169
766
7769
9401
4958
9482
7620
6825
2074
3928
535
9686
2143
1240
2157
8200
3772
793
9469
3287
8268
5893
1750
4257
6626
9281
3711
8953
1283
5331
8324
4597
2858
5952
6458
1962
1158
4196
5811
1058
7189
6758
1366
3916
7261
7421
3851
2387
1756
9213
5565
6282
6353
1969
3911
9117
5411
2342
3511
73
3494
9403
4871
1729
6725
206
4045
6669
157
9797
5990
9492
8908
9986
7530
2434
218
3803
6863
5792
7817
3080
7970
2604
2490
7808
5367
1108
426
7978
1892
112
6824
4472
6175
50
6231
6286
6373
9382
7227
6153
4558
175
2106
4178
237
7822
6281
9460
9920
6043
4685
5159
341
7191
9354
667
5649
2307
915
857
8782
7445
4395
5219
735
4371
4990
1713
8558
5445
6452
7189
7282
3238
5238
6632
4029
7858
3394
9967
4414
9123
6339
6231
8617
2031
900
3475
6971
4461
8346
2111
8085
1369
505
4208
8496
2744
9009
835
8354
4881
691
1170
402
3808
8735
5271
6391
2632
5961
1488
1570
5771
6875
8594
6076
8726
7025
5361
2173
8445
2582
5058
8855
7295
3005
618
4036
8004
6424
6717
3086
4154
8641
3215
4365
9131
4597
7174
8570
152
3355
7307
4972
307
7097
4972
4585
425
1735
7365
8169
7139
382
310
9315
3256
254
4261
106
6297
6995
1366
5247
9823
4846
903
6115
5704
2692
7666
4455
6091
1694
7369
882
1070
2360
9423
6151
8035
6077
1177
947
739
9697
1222
5677
7204
1575
8082
8940
9279
8135
2843
3019
4530
814
29
6376
1771
7438
2709
6511
9758
5165
7024
9639
3011
9907
7109
2514
9214
4100
5738
9989
6997
9710
1842
9539
4674
4863
2021
6364
7281
7301
3579
1256
1400
5712
7780
9812
5790
7862
9184
6544
5239
6589
7893
1225
5448
5208
1614
8361
2670
7616
5585
6110
5672
4358
9468
6443
1584
271
2058
8186
3469
2026
5048
8245
7965
1028
4715
2166
9568
6173
461
4617
6468
2707
2564
2829
3435
195
2
3733
9449
4811
9521
3483
9087
7960
3034
5054
7963
1579
1476
1528
6940
512
4339
9268
7618
5266
7597
6649
2823
6050
7808
2517
1980
8558
2955
2099
5902
579
2582
8771
2209
8189
5961
8702
4264
1232
8317
7705
6484
7282
1748
958
1839
3127
8676
6305
3535
1337
834
583
2236
8922
9296
9654
7191
4611
9558
8091
1778
459
6996
2984
1013
6221
9083
8313
625
3918
7400
5772
2334
7355
5872
3122
2413
906
1178
4788
6987
2887
4753
6361
1204
6017
3609
5797
1318
136
752
5079
3087
8130
5337
4485
8282
2645
8878
6736
6624
3668
6446
4100
8085
4788
2514
3804
8175
3759
3002
7869
5756
1306
2974
5585
3014
4152
4590
5025
8699
7815
9872
1913
8499
4236
1029
2273
7013
824
8497
5661
7476
4270
864
3037
2866
3247
7159
1548
5007
2338
9493
4621
2027
5754
8421
9332
3321
9627
4825
4097
6698
5961
3225
2570
1520
7249
1283
910
7685
7387
8646
5509
3139
6777
6314
1391
1376
8337
563
3936
3125
3729
8739
4224
3264
4347
6679
2296
6998
2254
6329
2916
3026
6911
4236
8020
576
4751
8483
9655
1328
3261
8164
9839
8274
9188
7461
3619
1542
1304
3928
2344
8700
9175
3151
6127
1272
8257
3066
3174
3174
2518
7138
752
3759
1491
1463
3476
639
3172
5134
8891
4876
2649
6592
7092
1656
2327
4234
9155
3973
7687
8231
98
7390
234
9129
905
7027
4227
6048
7223
3324
9206
707
4424
2395
372
1298
1973
4104
8143
337
4490
6112
4219
9689
6759
5480
305
393
7996
863
3135
3304
4179
3703
584
4207
100
2790
1799
1637
1682
6605
402
3622
7672
6499
9527
4603
4930
7111
656
9945
1996
8629
9773
5823
3729
3832
8297
58
5419
4914
1575
1648
448
7369
9853
550
5889
6700
6700
1707
6302
3460
9847
5937
3635
690
1958
1643
920
481
1729
5097
3842
721
8587
3589
809
8224
9193
1073
6983
1935
543
531
1691
2332
5392
2637
211
472
7913
4484
3350
2873
3459
4673
2876
7699
3563
5860
2491
33
3523
2043
3010
1962
4338
3916
6009
1790
407
4469
4879
6665
9712
5278
5590
171
306
4010
501
8677
885
9472
2274
2976
7426
2546
1088
8
5859
1039
7616
1515
5450
4560
4156
8702
3822
2003
680
9185
5976
2567
6716
730
3116
5976
4103
3883
6460
4977
2387
7463
2948
193
2263
2845
9493
2093
7064
472
6021
8951
4322
2985
2462
6497
8948
3875
1877
5039
9451
2232
4333
9812
3505
1584
2387
1907
3074
7989
9870
6786
1800
2665
4977
3434
1254
5797
3186
1769
590
650
3481
9842
6180
9138
6504
3543
8646
2592
2101
2470
465
5324
5003
3957
1227
2688
7834
2335
6130
3237
7144
4794
9907
3041
3662
3199
2069
143
8456
5233
9758
7583
1376
9442
9107
1156
5555
1245
8036
2298
355
1973
2406
5749
5987
2922
2386
7318
9072
8394
3023
6846
842
6317
3613
7654
7926
5026
6288
6206
5178
7707
7954
5449
7177
3286
4293
3245
8014
6625
1268
908
6378
6054
2996
8872
6120
6733
8731
2564
2896
1330
9097
5837
440
8717
9143
9923
9471
3761
5620
4073
1456
7663
9780
5257
8584
9108
3017
9864
1397
1102
4404
563
1650
5645
2415
8847
1057
3279
3176
109
6807
4858
4850
8254
9281
5784
935
2338
8374
6638
8415
3704
2371
1937
3920
5186
8765
9879
8493
5798
2112
4761
969
5564
5649
6238
4716
3018
5155
4133
8896
6237
825
8267
6754
4415
4279
4904
5666
4532
3091
4420
6187
8171
1009
1118
2215
7546
6558
7812
6678
7821
3642
7345
1210
9989
2957
4437
3560
2192
5528
8413
484
8747
6558
7202
1151
2562
1934
4203
5624
9648
3896
3562
7820
1126
2812
904
2995
7661
4011
6316
224
1227
5521
6095
4802
1627
316
418
8215
4164
2766
3011
8114
9816
285
5244
2135
7624
6637
4821
5024
6619
8223
8224
8535
5791
5633
9947
7816
1763
7840
8522
8615
2863
3634
7091
9375
7170
2431
3418
3788
6961
8552
5918
6710
5596
5443
1412
8212
9798
6416
9493
6753
327
1286
6643
9068
421
6082
9441
4246
3888
8365
9273
6832
6239
1446
1893
9032
8394
9531
2708
2753
2390
9242
6292
3412
4014
4740
2758
7023
2992
2750
9189
6246
3505
900
102
5349
6889
7267
7754
1689
2026
7119
3016
8204
7914
3561
4293
4777
5837
7439
9706
334
7804
4940
3211
9121
2370
4360
3311
2865
7440
4675
737
5965
7414
8339
4749
4237
564
6206
3455
2441
7520
5475
2982
8367
6332
6471
5427
4477
9101
1949
1042
2537
7369
5504
4282
8605
2390
8942
640
3421
4386
3720
8356
6844
3783
8453
5987
5205
2112
718
7483
2907
5772
9504
3222
612
8009
75
2871
8527
9719
2979
9505
7526
9750
409
6487
2956
14
1641
1383
9004
5784
4673
2619
9371
7653
1127
8061
9275
6480
4050
6466
1752
3349
6722
519
9635
7800
9502
520
3847
2499
9201
8055
6131
8121
6751
7353
4890
9284
7133
9034
7907
2282
568
7496
4569
6152
8216
5194
6548
4957
4992
5052
6438
9597
2409
8173
1683
3206
9585
5856
127
8687
363
283
2669
251
6544
6751
6289
918
7509
1556
2112
7637
7887
6412
4343
2243
5357
6787
8160
8485
8059
9949
834
9388
4099
5311
3505
5687
9945
3996
1206
1200
6644
4278
4105
6315
7661
2711
9062
3359
3780
6662
9285
5681
735
2174
7961
2833
2461
4692
4773
8567
1443
4226
2635
8669
9979
6648
2362
9058
5805
7799
1035
6491
4971
8288
8008
6886
9277
318
2774
6506
8368
4555
9192
3735
9861
2571
9158
248
7831
8964
4840
4410
6780
9240
379
5217
5655
5438
2707
3639
9221
8110
7004
5821
5275
1945
2730
3982
5500
8468
5348
7333
3658
9023
633
3042
5304
2958
3019
6203
9156
9342
8279
9968
9550
7466
8029
1754
6060
1272
4610
6441
9415
2538
2826
1884
5502
2213
4792
308
2892
8321
5085
8082
1674
4402
8051
8044
2031
4339
6250
8420
2145
1291
2984
2878
5563
1987
9564
1416
9844
9285
2734
310
7855
2351
2344
8220
2437
2908
8936
4019
3992
4129
3250
7734
6241
9345
1613
8037
290
2425
7527
1057
8715
410
1602
2268
2228
4873
8288
1544
2065
9622
8959
3959
9084
8421
472
3507
2139
8959
5151
8809
3215
8424
7455
4014
3404
5721
5886
5760
145
5830
6840
6962
1077
6920
70
8647
2834
5250
1667
5965
4108
7543
4484
8254
657
1938
5942
8138
6435
909
7819
1723
3038
1190
4081
4599
1786
1805
6591
6407
564
7959
5663
3834
3304
3292
2415
6583
8393
617
8
9627
4585
7583
4105
5743
5185
8293
1954
5471
7887
4652
1681
1250
3094
6943
8452
6591
1326
4976
5533
6428
2480
5065
8538
4956
247
6167
476
689
1161
6875
9041
2716
5621
7840
2924
887
8716
4981
4804
3369
8543
6315
6684
3668
6372
7009
3509
4867
7170
8735
9796
5296
4341
2221
9119
709
6521
267
2119
3852
7333
2728
3089
9507
6212
2627
6254
7624
7991
3543
4623
8230
8588
427
10000
2351
5417
6461
6079
9368
6251
9778
5925
8848
6518
7013
9371
8649
3231
3047
5985
9023
8483
9636
397
4980
6895
9014
3759
2180
636
588
5298
5546
6436
5128
6185
5575
8830
4027
5075
5384
2991
2071
9848
6171
3979
4071
9417
6758
5270
4974
7462
6231
628
3313
4276
6566
2080
5933
4549
2939
4333
2477
422
2354
1685
6448
5564
5230
974
6183
3933
7354
9589
1769
2792
4530
3366
7168
6693
9544
3000
2381
3512
7984
543
5612
7021
793
68
6248
6716
6230
8490
2369
1742
173
5787
8093
4358
2510
2450
357
8155
6577
3927
5061
4158
2154
6101
1181
1010
6293
8146
7403
6497
3126
1370
3793
1674
6394
7261
7794
626
2289
3765
9026
3781
4317
7070
4284
2143
6120
2169
6546
1028
1098
6544
3186
696
1818
8546
2428
552
1543
1516
9005
849
9091
2037
6241
7546
5688
9938
4512
9527
1151
3371
4972
5315
9103
154
1379
3916
2684
1675
6038
624
3255
2734
2186
5648
1902
4078
24
2597
2134
1300
2541
5715
2022
2686
1591
9537
4374
6514
6177
1991
9995
5936
7724
6223
2394
4300
7793
4728
3675
9505
3355
9821
6620
9414
9439
7379
7133
3209
5199
9059
2690
2383
4913
9909
7360
1734
319
4247
7390
9060
1099
2918
7477
6378
5502
6328
8701
8983
8973
7210
9699
5575
4785
8172
1062
1928
9250
5080
3800
578
2351
1320
2385
2742
4864
819
3744
48
2818
8586
3987
732
1267
4691
4702
7608
7615
9584
4146
671
3776
1636
5662
3378
1885
8816
4356
3775
3399
5010
6114
9924
5433
5132
1726
1461
5327
7197
1648
5801
1813
5035
1956
754
6502
3338
2396
2442
1764
3235
6433
7740
1282
6257
5157
9111
2921
1842
9101
8167
7136
2042
4087
9337
441
1935
37
6908
2985
568
2358
4273
8096
6466
4184
4402
1944
926
8511
9272
9217
4274
7836
6035
2307
1434
7792
7912
9282
6933
9278
1702
4971
5383
4806
6913
4805
5225
1478
4226
2909
5438
8633
5014
7061
3147
2931
1669
7503
2000
8384
8145
9939
3454
5479
5584
7328
2602
1383
4490
4687
6903
3812
8161
8608
9907
3383
2804
2355
3297
3837
1181
4734
7457
5666
4915
2133
3975
9304
6303
6083
920
6602
2140
9721
5014
3036
8327
2110
6864
1502
9730
1873
5592
2452
6895
7586
273
7499
8631
1378
5067
6973
2221
3312
6866
5617
6636
5593
8214
4987
1799
4247
7127
2071
8211
8058
8293
5735
4444
3587
8297
178
1129
5216
4692
3303
2480
1489
3767
2236
4609
8801
9856
6885
7790
6473
9909
5932
713
9719
3428
2375
3064
9708
4532
2974
2505
6501
6094
3125
2102
4235
4259
448
8460
9200
308
1587
7030
339
5089
7647
6427
6475
5199
470
2946
3472
2039
6529
4561
4901
3915
7224
6579
6021
4424
3266
7275
8197
8218
5914
3305
4514
1437
7911
3962
7891
452
5039
6656
4418
9046
2025
3604
5392
4633
5568
3543
4574
1685
4034
9418
2020
816
1111
6458
5539
8870
9425
552
736
8958
4089
52
7395
4509
8710
9622
5552
8614
1358
1598
297
1725
7799
7083
2506
8127
4249
5763
9981
4772
9136
7549
6752
9998
7286
4181
2363
6898
5550
2149
3770
3912
3860
4765
5467
2471
12
8191
1326
2152
356
3606
38
3174
9810
6064
2241
892
5518
2929
3158
249
4404
2951
6857
1698
1438
1536
7013
356
3557
4332
8218
9440
4536
1900
2164
4437
1057
9068
4841
5344
8514
577
4795
6906
7397
7275
4794
9872
2014
7463
5544
8481
1501
1079
900
7205
9051
1985
9540
3602
9373
1535
3672
9376
7075
6801
3341
826
4984
2964
5358
8225
3233
5198
9920
8629
4759
5087
651
1696
5960
9995
3625
9630
8887
3952
3317
6269
3480
5300
3773
4476
4791
1806
5380
5545
9072
7177
2202
1201
8184
3809
6226
9252
4031
1106
8633
3193
101
1559
8549
752
3200
1491
4289
8020
7125
8835
9822
8277
5488
2109
7905
5938
2699
9264
2411
8619
713
6081
7833
1216
2252
723
9416
9229
5462
9235
1387
3981
7985
7653
8753
1761
102
4896
7346
1940
8860
6
1691
8979
7419
4019
4650
8893
8291
1980
4725
7648
9280
5453
1603
7529
2892
8270
82
3237
693
3680
9548
469
9579
5465
4961
5099
9616
4902
159
2833
4593
2588
3598
7993
2943
2203
1573
8957
2281
6464
7780
131
3659
2300
4876
4920
6193
1303
8875
1990
9522
9770
9739
9739
7055
2913
289
9791
7659
6226
2626
1594
1248
8445
9679
3660
1369
4727
9281
4399
1042
8207
9292
3089
8380
9835
6265
9526
6690
581
58
816
3835
9274
8995
2425
4319
5317
997
5580
1588
9728
5401
9828
6439
275
2300
5560
299
6146
7694
7607
7437
530
8920
3696
7152
2333
1006
7110
9165
6729
6309
9541
5286
4735
2955
9199
4535
7360
7603
2536
3254
7727
4419
7790
897
7058
3901
3079
381
1748
3764
5267
8493
478
5139
4190
2055
7740
3324
9818
6353
850
9142
5045
126
3789
7180
561
9617
7784
7152
3729
7852
9793
6053
3491
8943
5158
9289
1943
8514
2420
1778
4947
5831
7263
2007
3997
3124
8124
2456
4918
6683
7699
6230
3733
666
3923
854
3354
6113
5232
7809
1364
5775
9248
4299
8016
4510
6172
5828
8257
1634
3440
5909
4965
4381
2552
7695
6433
3194
7226
9247
417
1529
8935
3445
2123
6379
6253
2629
4499
8244
2357
8943
5930
3506
7538
3197
3942
209
630
146
3628
4979
9081
9802
6049
4620
7496
9230
6817
348
3977
5297
2973
2540
5261
3408
8853
5417
5354
6311
2488
3653
17
4223
8061
5273
3054
9308
787
1651
8883
350
4135
608
4357
2340
3586
7979
860
1825
2012
4652
3314
5195
5839
684
7513
3764
7368
4841
6254
1389
1476
4682
4214
636
8243
3960
4721
6465
7675
4046
3871
9603
8548
9674
3109
4512
8498
6489
79
6409
3134
6046
3508
379
2861
6673
3920
2329
4174
888
2473
9333
8126
8421
6971
8301
8374
6477
7447
833
4294
44
2379
7372
5524
4507
1267
4951
5517
9073
4399
1799
2663
4676
2071
1296
193
3032
3785
8941
580
3501
5923
8077
7155
7746
6981
9462
5413
1912
6339
9701
2212
789
5067
5352
5913
8400
8972
9661
6226
7220
6913
791
8988
648
7100
3249
5579
735
5051
6098
6560
2907
6707
7038
7090
8586
2703
2342
6077
7868
146
4858
3860
5198
9562
478
3236
4709
8905
3170
4535
1266
1286
5322
6968
4277
2610
2699
1305
9306
6421
9639
7708
5119
939
8897
7597
7284
7312
2685
5874
4843
9290
901
5992
6234
4147
948
657
3433
7538
3846
6755
2980
75
8872
7390
5189
9407
9390
7562
4662
7722
6032
7634
3364
9619
6145
7271
4376
7044
4722
2783
5598
2764
6339
9785
2165
8241
7352
3344
2164
2563
5448
3810
7590
5043
2458
4179
8788
3013
433
325
6298
494
9262
8181
6838
7667
4186
4491
1960
1609
7521
2472
1822
8129
8886
1710
9155
9188
460
8523
4731
477
939
9175
8079
2592
5845
4310
8353
6962
5165
2510
4115
3039
3842
6637
2651
2021
9450
3176
8090
5386
4843
9793
3942
6514
148
9996
2244
9599
9109
6861
9020
6446
193
2393
809
2593
110
3389
585
5891
7284
4289
4891
1532
4017
7234
7935
4391
4429
7466
4225
9970
454
4991
8627
4844
3198
2389
7880
844
5399
4112
3557
1903
8366
7944
1813
4998
377
7817
7774
7030
1548
715
7591
9152
1705
4520
1548
8069
5340
2898
1391
289
1328
3031
8523
3333
4808
3580
6021
6371
4330
7428
4986
4700
3106
4959
5399
6844
4834
3785
6669
430
3971
4294
329
600
932
4931
9754
7999
9679
4540
6931
8053
5169
8751
9997
2067
8949
5062
3032
582
3512
3274
8595
849
3100
2150
3970
5389
2901
9256
4121
9774
95
4990
1201
2963
6179
8278
8182
3360
7412
7120
2881
4610
4571
2460
3142
5279
8499
6526
8142
5648
3711
7578
4588
344
7757
8332
3626
8853
6731
3462
1879
263
4671
2301
1747
6248
9432
661
2593
8105
2939
7824
4274
97
6423
4638
5202
8770
9821
1244
2488
1284
682
7657
5699
3928
9041
8726
6898
2969
3525
5577
1169
3121
694
6401
7453
3710
2783
841
6002
7766
3453
8352
5959
9102
561
2712
8730
5892
1359
7314
6084
924
8631
3343
40
6082
234
8728
3837
5399
3927
3968
5425
7059
9863
4990
8005
8382
7742
1810
2665
4615
8554
6335
2234
9945
3001
2470
528
4007
3561
2127
5056
946
5879
5906
8899
8051
4396
2189
8370
7201
2951
6479
4104
4870
870
51
7238
3668
3491
2427
5598
9384
7149
4534
1220
392
7399
4929
3841
4834
3859
5487
9033
4150
9111
9162
9933
6532
728
5774
2856
8969
8463
374
836
9770
6344
1420
1085
5032
1320
809
2902
2430
6247
5259
4280
9300
9193
4641
3387
515
1970
5179
2694
342
7762
5108
6681
4573
7127
2904
9231
6958
4600
8214
8481
5047
917
3412
480
3614
4818
239
1929
168
7317
4700
3926
4247
7932
3586
9210
9933
1154
8779
1532
5542
1155
1122
5963
7547
1268
7790
7000
314
2075
3478
9138
8571
2441
6046
1509
2387
1029
7815
623
3834
7144
5641
3012
4169
4313
2915
7550
5293
1495
2438
3278
170
4499
7281
9625
7458
9858
4034
9969
508
5504
3971
3495
9029
3569
1399
6489
1197
9838
8219
647
5806
8581
9451
9015
2954
5545
3673
8010
4763
5189
9229
9249
4767
4067
3693
3158
6357
5859
1766
5419
6715
1526
1881
2041
9616
5791
4898
816
6297
2014
1259
2736
8083
5994
3084
712
671
3525
9934
1211
2462
7326
4471
6017
2418
8348
6396
4079
6252
1380
9141
8137
8805
2743
5474
2612
6761
406
9057
5484
9861
4416
4086
9274
1354
8990
7887
8153
1458
3240
9556
5588
519
3916
9375
6465
2252
9021
3812
1764
1705
9724
1651
8589
7532
1706
1338
7978
593
5547
7880
4817
7800
1040
5823
6048
2599
3783
6556
9367
9098
4143
4861
3086
4312
7440
6079
9085
2400
7112
1759
7091
9621
8892
7725
5016
1950
6531
6900
3443
901
9734
4585
8975
3458
8117
7088
5900
5113
538
3284
9690
7838
7038
9109
694
7006
2897
2120
1588
7365
8438
9456
4533
7819
8599
3812
9338
6914
4493
5220
121
3617
4076
9826
3806
1888
2904
4888
2689
1307
276
8303
6285
1511
7490
5747
6733
9899
5561
5577
270
2593
8491
5928
1676
8972
1067
4822
1566
9526
3225
4850
7325
7835
3957
9999
6001
6117
8110
5220
3860
7063
6318
8632
9902
7763
3426
3832
988
7389
4467
7996
7158
3510
7683
9319
5132
6020
2445
6107
1633
9956
2896
7750
2414
9817
658
3944
2396
8385
3425
7437
1935
5883
8984
5519
351
7741
2820
8826
5694
1570
4277
9114
9682
7132
7461
5028
4462
4790
455
3210
9675
6737
3003
5384
301
154
1630
5233
322
5025
2085
7096
615
5964
7257
697
100
8712
1861
6732
8239
4616
2401
1651
238
3691
3374
6921
7533
5494
4011
4997
7467
5607
1783
9719
948
6360
309
3898
8435
5056
9047
1040
8937
2991
4439
9460
594
3334
6365
7599
9267
859
8090
1332
7293
6521
3968
2598
6818
3628
8221
6173
7196
5078
649
8776
2477
5007
1272
1681
5177
6851
6592
6575
5606
1989
6896
7284
8190
2106
6753
505
398
3858
2514
4689
7170
5869
1463
3218
5468
3707
2089
5983
4331
8372
2472
4866
7075
5759
3520
9940
5964
3118
4047
3057
6867
7239
6541
185
4165
9348
8280
4233
5772
9093
3457
455
3696
4656
5842
1319
2091
3449
1014
7062
3863
2700
6497
7008
6579
9821
21
3601
1410
9218
78
3636
3746
7031
3279
6675
3442
206
8801
4851
2675
4557
222
5724
4541
8200
7291
784
7309
132
9420
8260
8192
7161
3772
4684
5378
8201
7860
8078
9156
1866
5679
8328
4426
3308
57
7046
5701
3448
9837
7523
9045
4785
1092
3633
928
8632
6973
2875
2434
6911
7163
8637
8232
868
8959
5885
1053
2996
4671
1648
106
6478
2056
2121
7067
7751
3720
2949
900
9607
6328
2511
3143
2616
7978
2149
4568
2015
3949
2531
6895
3919
8197
4486
8401
7040
6534
1959
3661
381
8608
4629
4217
1768
2186
6458
1512
1233
8250
5903
2445
3861
824
8990
558
1116
520
3791
6237
2398
7218
909
8386
491
6191
33
3312
3666
9067
221
2207
88
465
2886
8147
9952
8099
9512
9600
7120
7037
8577
2179
787
49
2090
5172
4526
5195
82
5848
6931
1483
9267
4686
5950
3633
3305
1461
443
9889
134
9446
9
1365
5370
9669
6768
9504
3430
6373
7360
6718
7927
5516
13
992
1486
8896
1943
2468
5898
3200
5151
953
6254
1682
5849
7458
7262
9268
6686
6902
40
1135
8779
8903
820
7446
8859
2286
5327
3428
7369
9828
1572
8422
2057
8671
3305
6436
5332
1712
1521
3635
5026
5425
1888
418
672
9644
7859
5944
8373
1209
5785
2918
1933
6094
3851
7471
9419
6644
9689
1118
2391
1987
3007
1685
5066
5627
2188
934
3237
432
206
6103
5973
8988
844
4585
6808
996
4526
8798
9313
9023
5834
9700
6884
624
9659
4281
7878
5937
4915
8768
5836
235
7141
6441
2926
8674
9249
2921
4327
5566
1371
2943
4213
5108
8157
1225
4266
9876
7074
5153
9887
1973
6371
957
7053
5045
8165
499
6961
8927
6526
1193
4375
3064
9675
7964
8261
5940
4042
6856
6360
3915
5250
3552
8775
3195
5474
5059
6467
1108
8717
8154
2860
4640
5115
7059
3628
1080
5748
1607
2889
7099
6522
3917
6437
5214
4322
5353
1547
6212
473
5865
898
1318
2269
549
4425
4923
6383
734
6618
7701
4204
7799
5612
9274
680
6591
5391
9385
4538
8006
9013
4412
8265
5358
2743
7690
713
9257
7476
7342
4721
7090
2063
5460
8667
727
2824
8563
8662
5097
9664
7015
5065
1839
5760
687
6955
1494
1685
7476
1528
1790
8786
2750
4102
8741
3751
2090
4507
5406
281
1341
6557
9363
4826
2844
9150
243
6929
6244
4392
7724
4446
9190
8271
8844
1386
2317
7387
5343
663
5245
7167
6595
4648
7800
386
6825
8081
2884
4510
9012
5980
5954
3655
7286
6454
4286
5660
9950
9069
4212
1624
6828
7734
8325
7375
4076
4223
8538
7309
8956
405
7412
3455
1778
4854
1568
352
9342
3797
7921
2527
7048
6863
5545
6505
514
1929
3238
4014
7482
901
4746
1393
6616
7367
760
7054
6136
7126
1843
2518
4760
8282
3294
65
802
4551
3376
3118
5793
5130
9308
9090
6390
6282
6011
116
6393
5730
2020
8941
7183
1699
3313
5582
7918
2709
1558
8735
478
6691
217
9393
3653
3652
1523
7911
8261
3829
3586
7955
7354
7003
3345
3750
4179
414
8037
255
754
2094
8824
4632
4578
5026
9931
1017
2285
2882
8314
4804
3867
4251
2928
5166
9000
9239
3577
8519
1602
8762
9619
1697
9228
1854
1708
8423
5373
3389
8149
9276
4057
5858
9546
913
9283
8205
2365
9454
6471
1428
8183
1535
1073
477
8602
7144
7685
3107
2960
9527
4674
1783
2028
9971
6305
5079
3208
7405
9912
8958
7218
389
2733
614
773
5951
971
1180
9920
601
389
3138
9724
6305
6484
1469
8288
9628
8234
1717
241
7460
1452
2459
9160
765
5054
4303
604
5594
7222
7041
557
6264
8768
4977
1519
1696
9952
8463
5643
8759
1055
4560
5586
9872
1431
6474
2350
8604
3109
8087
527
2237
4547
8358
7758
996
3852
1662
5751
9439
2016
4253
3725
2357
8089
922
5
2655
4403
1197
7475
2242
3196
8709
3506
4360
253
6020
5891
8683
3144
3937
2293
9243
13
4273
7147
7853
9787
5956
5089
6256
6685
9743
857
6512
5175
107
5958
4429
6805
2136
9978
8570
7536
4788
5861
2138
2778
6107
2064
2146
8927
3968
3900
7902
2736
7571
4142
4466
6461
787
9336
1860
7592
64
9779
9959
4699
4529
2818
5166
8626
6517
2446
8372
373
1404
5691
8723
2743
8647
5266
4184
2267
8918
358
7892
6624
3426
701
6789
1269
6323
3506
5864
3498
6890
1034
973
6401
7978
4551
232
1470
2156
4134
9801
7580
4573
8244
8136
9513
2022
4366
2915
3194
9124
440
2927
3381
2225
6069
2801
386
7679
4307
7418
7523
128
4516
9210
1405
2276
3989
8767
3090
5835
6460
6285
1906
399
3247
3646
782
8541
2700
100
1697
3044
1576
7833
7791
7278
4398
5163
7117
6204
2450
6075
5259
1398
9202
7666
4687
1775
2247
7322
4191
1833
7791
8327
8578
7916
5029
580
7729
4108
8388
2308
6053
3850
6314
434
1793
3641
7077
2635
7050
542
2142
9109
8426
3279
7704
3569
8704
3121
2173
464
8230
3300
9640
5830
990
4391
2192
6203
5332
4037
4872
6874
2132
2256
5894
8500
9370
3441
1423
2001
8955
5135
6485
5450
9680
9376
6190
1474
3244
2921
2293
3866
3146
7854
9510
4334
15
4342
6677
8839
9501
5278
6411
4818
5976
6615
220
6690
1938
4508
4602
1960
1711
6126
3919
2554
4854
3268
3153
9704
6188
3536
7648
4013
3503
7202
1639
4299
2296
5813
885
4191
1855
9806
9511
1332
1732
1426
6881
3422
3875
1208
3255
561
4701
1219
7549
5097
2981
107
6260
5952
8825
362
8495
62
821
4553
4469
8733
2743
2871
2261
4547
5471
4624
3936
7667
2689
5598
7729
770
5189
8868
9007
2553
3035
6437
1333
7127
8640
7349
9266
9015
7736
8035
1992
839
5620
1414
2623
8795
8478
9593
1969
7978
7526
6562
9238
3886
2264
2728
9763
4755
5230
58
2768
9956
5620
2891
3831
9238
6441
9716
1945
566
5421
1767
2258
741
746
1463
6868
5321
1761
455
1112
7238
2241
2263
537
9611
6502
4213
935
1113
7872
173
2935
8370
7131
1038
670
8303
7673
2285
4993
5543
363
7507
7031
2862
1984
4927
2300
8543
3987
7803
3347
9771
5454
1289
2375
9778
6012
7343
525
7155
4571
5490
5468
8380
1913
7965
2516
2808
9786
9628
2010
1180
3902
420
6297
3446
9198
7462
4052
8748
2301
7749
3690
5240
4335
5047
4512
8096
160
3326
1477
6048
7252
2109
4003
1516
1911
6618
1898
7774
3348
2264
1947
1977
7849
9901
9386
5474
38
9646
5274
7061
7342
3471
2086
426
811
7842
1147
9609
1921
5523
9040
9726
5464
3600
7338
8114
4884
8734
1319
4956
9327
6302
3358
657
9724
7902
1853
8396
578
9927
7564
5346
8059
5507
4320
2723
8983
4802
7471
3838
7988
7040
9242
7910
119
2858
5604
4552
8004
7259
5584
7708
4312
9698
3492
3624
6785
1770
2636
3038
4056
3837
8374
7328
8806
8738
3991
6495
4768
3992
8325
9526
530
3772
9836
6062
9680
4012
3875
7720
2620
3604
7673
2814
4590
3374
5048
3596
9285
3970
8509
2959
1506
112
1061
6823
884
5426
6764
8681
6021
7814
8580
5781
6253
1945
5995
5888
7583
4086
2615
6933
6903
9548
7396
5438
7100
8601
8850
9223
3482
8065
1778
1218
5948
4819
4042
9352
6111
8570
3316
7952
7156
2388
5829
5542
3926
5342
8136
184
9242
3550
7656
7370
9352
926
1702
2722
362
9915
4786
1659
2472
9190
7926
8561
2686
5311
1424
191
8295
2673
2663
5012
3678
3422
4222
1443
5705
7030
9180
1862
4827
8950
7639
1093
4679
3246
277
9469
9754
6462
5889
3510
2064
3092
8245
5133
9057
5263
564
9510
2546
3270
9695
2648
395
9704
5232
1112
7847
6440
4495
5371
7579
3292
1500
6159
6806
6097
9212
157
1335
9166
5796
9334
2601
2418
5129
6799
4865
5262
3779
7616
2303
9537
9270
1218
2645
3466
629
1192
9996
8486
1209
9783
2442
9760
2602
9905
4587
569
3027
3491
9180
4531
7887
4428
2908
1074
9741
7447
5247
5252
1397
223
9195
3871
3720
2289
4527
4311
44
9503
9039
2804
5545
2914
5062
3820
825
5366
9703
6930
9101
3435
6964
4732
6239
6948
1350
9673
2754
4985
97
6916
2219
7505
5753
5619
6919
1201
8845
225
7286
9256
1099
9891
8178
6048
760
6092
785
2578
1693
6942
4623
5482
1307
2508
6739
5558
2620
965
2656
3641
8628
7446
8143
3221
691
6639
9323
3714
879
4792
7264
3336
126
5578
388
1586
2008
3740
2069
7100
7258
7536
2775
6484
566
464
2091
5384
2700
5603
7182
8511
2384
9799
3143
6967
7522
2902
8222
4936
8004
5712
2825
2800
9499
4444
9540
448
6566
8775
5102
1703
48
9399
1666
3517
8142
79
7986
1437
4553
9889
7049
9220
4155
3450
2104
7727
49
5761
6628
8863
1998
3852
485
1648
7686
126
985
5069
8184
6691
465
2620
8089
5771
7825
1168
7380
9913
6970
7226
5216
4814
8865
7061
6616
1037
2025
9672
1321
1343
5508
8755
8337
467
1646
5215
6306
9643
600
5467
9385
6967
9681
6497
8549
6479
9062
4903
1106
1133
846
1315
6198
7810
3739
5244
1
5819
3462
7176
3373
4230
6136
2777
5291
139
4846
7051
1654
3339
3952
6558
4677
5404
5429
8783
3083
7172
3740
6145
1071
2869
7978
9010
4849
8531
2486
3065
2957
9320
8641
9354
8143
2013
1278
4920
30
569
7122
3213
571
8505
7586
6324
9011
251
4289
9485
2903
8134
9315
2174
6043
9933
941
6735
7876
4143
5454
4093
7606
9554
3421
3686
5537
682
1
2287
8027
9801
4833
1991
5706
2077
2423
367
1671
382
1379
6378
3663
8704
7965
9575
64
4464
4922
8176
3333
1605
4095
7484
1836
1729
8172
4997
3746
6413
7180
1846
2293
3210
2486
4069
7183
4458
3505
6631
6717
9725
7222
2179
285
5022
9785
5468
1225
9398
3702
518
4868
4424
9522
8920
357
2005
5529
2299
2612
384
2071
5473
6426
317
5931
4968
1131
1843
2165
4914
3457
80
535
7191
3567
18
5547
8121
2838
3521
8198
5988
8823
2056
7651
6125
9719
5119
8135
6810
4824
3370
1284
1911
2351
7067
7610
8328
2743
7686
4189
7279
4448
1579
10000
58
177
4947
5848
2878
3622
5723
5074
7106
8911
5186
5879
9906
952
8445
6529
8936
2304
8004
9009
2278
8922
8654
5600
2990
6221
1499
3378
4871
2163
2990
4982
3460
7163
5156
484
1758
4951
6427
3914
9289
4860
776
4901
1989
2189
8622
9150
6349
4366
4313
5132
7760
3408
6222
2087
1559
4508
5954
4834
5894
1150
665
1515
2803
6053
5171
7256
8423
3823
8139
7912
6354
3002
7024
7384
5065
4875
1419
5596
3397
9623
3040
3802
6683
1829
9833
7134
5312
5337
5598
504
5461
5208
4150
216
7542
6690
2177
3672
6028
5715
6810
7579
3586
5118
2156
8735
6612
9167
1324
4471
6549
8425
8309
9564
7316
1645
4544
1741
6170
4196
181
17
1365
7042
6138
5219
6771
6697
4479
2373
3805
6533
8701
7216
9532
5532
6170
8784
891
9246
7702
6513
8672
413
2398
3978
1665
4987
8010
8233
8240
963
2016
857
9624
9784
4616
1899
5773
7843
7310
9221
9333
759
9784
7467
7269
7394
628
9475
3529
7711
7617
4642
7496
1035
7523
8903
8692
244
7064
79
4733
8143
1588
8856
7377
8566
7668
1720
9420
6504
2944
9160
5691
2187
6065
5098
7192
2411
3015
401
1644
7077
9935
2748
8385
2251
5026
9726
1126
7549
232
6968
5187
857
7433
8744
780
3274
1551
3550
3402
7069
5689
6810
4395
320
5843
8750
3291
460
9813
5324
6590
2941
9211
734
7907
8068
1937
3196
1498
6617
647
2303
8450
994
9879
9934
3832
973
8865
2020
1957
5992
9042
3860
2439
1640
366
4746
8299
1021
1072
2511
859
5265
3603
4076
5679
3536
6981
3853
4191
9543
6479
8877
247
9056
5970
9755
1825
6822
2016
2071
3473
3822
4905
2223
3606
563
8628
7304
6794
5907
2517
633
1207
7531
6153
2689
1315
7184
3541
9841
976
791
9967
3925
768
7562
3672
2610
8402
2797
3605
9276
8183
8333
2380
5932
1098
7459
5540
3572
6300
495
8097
7759
5824
7465
7276
1495
3915
5078
8207
2604
566
5205
3327
1617
6711
8501
787
7749
7965
8083
4055
7287
7394
6415
4348
4951
4622
7356
4055
3983
1467
2546
743
177
8241
9547
4567
9927
7684
5166
1437
4683
6000
7426
4642
5104
7002
1548
520
2519
8039
1857
3154
549
473
2367
9407
2274
4869
2959
1127
9755
1993
6455
7499
6615
2940
9144
5559
4710
251
6954
4883
8776
6489
5573
7895
658
5004
8549
4329
1926
8676
3832
5666
1826
1770
1767
9512
6900
6593
6378
7522
8679
8619
1901
7342
4782
5508
466
6280
4541
6369
6961
595
9410
6399
4380
6134
7066
3686
7615
5933
3245
4303
6369
5628
9999
5150
6628
3927
6317
2040
5391
3966
3787
5577
2185
7375
3151
8866
6358
9624
3719
2401
8957
6055
9954
1478
2776
1398
821
7372
3146
4618
286
9979
3826
467
8870
1695
7047
6914
7653
6389
1864
9195
7393
9708
425
8704
1714
7917
7732
6351
1824
7155
5415
8675
7905
2764
4573
4314
6969
5217
7958
5322
1308
7235
4892
7368
9002
9462
7691
305
4926
498
974
3476
3236
6788
5924
8638
556
1073
6971
6861
9345
1063
3770
4166
7660
3898
9988
3853
9695
4354
3604
1808
7590
6562
9630
4885
4566
8698
8515
5759
9260
6435
4494
8590
900
1916
5421
4027
2563
8929
5688
6353
7878
8214
6683
1818
8653
1538
9885
2720
9942
7422
3897
2393
4493
7735
2150
2102
5034
5025
7998
1851
8902
9090
7707
8580
1544
8919
7570
1625
531
2119
716
9599
7442
2885
3505
4059
3306
9424
6324
9361
1957
4535
4525
6976
8399
7343
2702
8215
7717
8758
9479
774
9561
5470
9584
4368
478
7079
89
2623
8347
7043
1961
710
3904
14
1061
8247
7221
5212
1485
7389
2018
1077
53
5350
9133
1526
5044
8167
6737
712
1463
5983
8087
5538
7009
1189
4718
5396
6840
567
182
3968
4581
2253
1857
9066
6762
677
7698
819
6761
2518
5771
1602
3339
9038
1404
3173
1364
7486
7383
1210
5435
2478
1768
4517
8420
7492
6628
8215
5481
8669
3318
7783
2794
962
4793
7846
1815
8418
2219
6481
1842
1960
7944
8467
3041
3401
8813
2744
6438
7958
212
4540
6569
3994
7936
8020
1757
9390
9249
4752
1144
1641
7970
3143
4845
1703
6782
8917
7278
1362
9296
8420
8736
5703
9834
4628
6336
6282
6286
530
8
4740
7977
1002
5571
7353
5605
6353
2014
3174
8396
124
6895
7466
4261
9094
7333
1496
6361
8788
767
9681
8087
824
4543
8621
6280
9303
1747
2411
3090
8576
6116
5292
2490
2786
200
5373
1280
8093
3037
1643
448
5982
5629
297
8884
3694
4025
7300
7776
5290
8271
3346
3776
5544
5453
6991
7298
3596
3151
3855
2104
5659
4620
9630
5354
5276
5574
9521
1495
2724
5961
2833
7110
6826
2844
3441
2947
1022
4900
7674
5622
7880
9058
5808
3571
8381
9711
5199
3331
3115
8206
4884
9659
7861
6346
3817
5763
1870
4841
5873
5624
2823
3548
9646
174
5137
298
5257
7742
1520
546
115
2862
8999
4128
7718
1036
6374
5568
5713
9055
9575
5719
5049
1383
5956
7751
2415
1279
8934
6472
5805
2735
811
4783
9840
2096
993
8126
4179
3444
4452
3855
9049
9460
9144
4009
455
1838
423
3177
2934
5848
9891
8730
9957
3085
196
4169
2382
775
724
5081
9518
1055
7114
9835
7683
1017
8381
6862
7798
5544
7166
2024
732
1622
8695
8261
1157
1553
68
7617
5639
9738
420
9329
7426
9712
4555
1127
3153
9068
6182
2387
3358
7573
1277
7821
5375
6185
2722
5697
9104
2249
503
3140
843
4413
9996
1791
1006
6741
8853
3192
6263
5702
8574
1802
2203
2966
2100
1762
6245
8816
6018
5153
1510
6390
9248
9508
5130
3760
9481
8600
2842
9716
2484
4126
11
8247
7271
3149
5346
1820
9865
5562
3788
4356
6018
5632
9492
5730
5798
2389
2717
1972
2602
8670
9493
4332
3396
5596
1779
7848
6430
666
6212
2657
6054
6614
5280
1883
8686
5171
9045
1858
6544
3375
6241
4482
3980
7011
2644
6726
7948
1287
3745
1857
2520
7902
9047
1794
1490
7603
10000
2266
1079
7988
3117
8590
6097
3406
5393
3946
8607
520
1061
4338
3635
4578
1307
1558
4169
3609
6902
2691
6952
4722
8757
1929
157
6061
7850
8225
285
5431
4248
1850
9882
6455
4980
399
3894
7367
8569
7342
8202
6797
5647
1313
3125
9281
1286
6060
9694
3020
6167
608
8202
6514
7865
2945
1480
1348
6649
7133
608
4285
3967
614
8046
5248
7943
8143
5627
5023
1010
9708
5093
5083
3508
3548
3143
8360
7059
5788
9480
7640
7152
4741
3148
2436
385
7318
5974
2123
9778
6456
7258
8267
9086
1457
6732
8732
220
1337
8221
2212
2332
8286
7951
6261
9311
7373
4563
3099
3957
1010
1667
8752
5105
272
654
3979
2557
2295
9627
1386
5086
2964
6307
3115
5931
9033
9605
5859
7105
957
6885
7113
6943
9836
40
3707
4853
2744
3195
5887
9479
1941
9046
2756
9496
7057
2040
9777
8476
3768
3942
4638
7390
2361
3947
9632
9302
6610
2937
497
6821
4626
4781
3504
1472
868
3183
5116
6037
7887
7078
453
671
6790
528
4027
88
4100
683
1076
9559
9914
2759
7127
9888
4858
5632
5928
1409
409
7301
2160
7215
3317
8486
7842
2383
179
220
9398
4548
3122
1402
4576
2470
2788
7504
1277
4522
5279
515
4969
9164
7540
1480
9644
8714
3348
6482
2457
5741
41
5153
3130
4375
5102
8446
6332
8016
6787
9561
1146
9922
6179
7455
9807
6420
6380
4292
7259
7545
5946
6600
1052
9958
5480
3898
8152
1436
3185
2294
9737
488
9632
9824
1646
3792
9867
8971
6478
6357
9154
9831
2842
3340
5308
3516
7907
6160
3199
3127
4645
5959
8978
770
5691
3197
326
6300
6455
723
7072
7569
8225
4675
3095
965
5206
5867
7870
3241
2067
5807
3560
4691
5380
4003
5259
6238
2686
5612
5128
4807
9695
8698
309
168
5269
3115
4489
5526
6809
6820
8491
6216
1821
7968
2513
67
9029
2265
3118
4278
4761
9272
5264
6524
2059
1748
5699
1626
8926
6353
8989
7839
3553
8985
2228
5238
2812
4442
3300
6167
5622
8152
3679
7205
4902
3992
5685
9002
2260
2864
7913
6595
2260
8174
2235
4879
9027
9764
443
6848
7003
2106
3858
9269
3227
6467
3557
3125
7306
6420
2510
2477
5548
6201
212
9726
9091
9856
9751
6206
9719
2039
5666
4509
8871
7221
1622
9545
1865
6214
6175
970
8719
3112
8056
986
6707
1374
9189
7498
1937
2159
798
2
7412
9176
7174
9931
3077
1763
8167
3138
4426
3129
8367
1456
2904
7741
1468
580
6015
1468
4990
995
3897
1785
2471
6372
1067
7547
8355
3999
463
7522
2156
6699
7293
1103
4937
3769
515
1021
4998
7293
933
6886
6880
6105
5403
8824
6182
3027
5475
8689
4802
2794
1576
1514
5978
5354
3526
4971
6297
5616
6946
9224
3848
1176
6094
9928
6139
9137
1045
9852
182
892
8560
1415
5994
3925
7583
9237
1898
7192
7180
2973
3808
3881
5205
87
5371
5077
9184
5719
1933
110
9244
9010
1078
1045
8898
9925
2002
8812
9423
6923
9297
1747
255
448
1832
7332
4678
2663
8810
6767
7865
1867
1308
7503
3850
2234
7520
2897
7692
7180
5100
6351
1474
3297
6765
7459
6653
4377
2735
5844
2828
5557
1407
7439
7722
3922
1102
4458
4362
5152
3038
2587
3094
9325
9725
1036
4142
6428
5192
9728
1772
7026
880
4343
3979
9582
1767
1667
471
3837
9911
3623
5595
3455
2688
8834
6535
5361
7955
4205
2539
492
9738
4019
33
8355
1063
7823
55
9803
8717
232
2142
5926
2058
9383
9347
2586
2773
5875
3515
1172
2928
4807
5312
6660
1231
22
2076
4426
1007
8917
1522
7176
6653
3270
3504
3675
92
708
3475
5632
2941
9806
2766
6461
8359
3426
7267
8664
6259
7811
7416
5895
6154
3448
1215
6557
3247
9448
6835
6130
849
3992
76
5543
4269
9665
7257
9257
9479
4097
2649
2096
6735
1362
1582
7432
207
6654
1379
3787
9059
159
446
3821
2959
7301
7867
6407
4619
4358
8065
275
6467
9661
8120
9853
2950
5481
344
5168
2817
6098
9246
611
5550
1772
2290
9066
8004
4225
1835
1798
6291
8597
8636
3325
2242
2262
8060
1364
7896
4409
7888
2769
9144
3229
8131
1359
7682
5071
5687
7862
3137
8217
4714
9868
5810
403
5371
6530
479
748
9647
9369
8676
369
7883
5161
8271
3392
3489
4388
2478
3424
1294
1192
5411
1477
9425
238
1076
6299
4204
6089
3863
833
5444
7067
9644
1588
8180
9094
8410
2214
4962
3621
6557
1014
8434
3178
246
6162
8219
907
7834
1791
386
5268
4090
1452
5947
5368
753
5459
6768
3647
8121
7751
3146
217
2373
42
8408
1771
2012
9518
9417
7588
4664
1174
9113
2788
655
2440
4180
441
7362
8850
8490
3962
239
7221
6561
802
8706
2063
2018
7575
5140
6719
4262
2130
6128
477
4397
3534
9866
2592
7733
6291
9431
8185
9544
6857
2555
5749
4924
7323
9097
956
8728
3236
9294
9091
2136
9548
5067
2631
8477
8025
5334
7933
3250
5556
1395
9243
4909
5290
9297
7551
894
1834
6718
1322
5924
6621
3959
2049
708
6631
4819
522
2508
6750
7090
6890
42
2268
7768
9790
808
3011
223
4350
1826
2433
8901
2378
3236
1333
4677
4055
7759
4850
9652
4224
2455
8266
3149
6580
8023
1084
6580
5533
6265
2870
2068
3669
9955
2757
8661
356
5751
8143
4154
7918
5962
7881
1916
8298
9272
4258
3589
8844
3081
7107
6710
4508
3420
5125
7162
3756
5440
7679
2055
613
9627
8634
6763
8618
3273
6688
1381
6994
3348
5499
9386
1328
7767
775
9582
1318
433
8466
238
8563
7401
4340
2951
7190
3792
7446
8920
9454
2720
6539
791
5139
4253
9887
591
877
9706
4165
4728
287
5054
6279
5739
9374
2977
7181
9191
8020
1838
3325
2105
5047
2273
3492
4697
5905
4905
6218
7597
7415
8770
6438
9223
5958
101
2598
7982
6957
8893
144
8171
8325
2104
7863
4884
1791
7964
8202
5863
4113
5548
6352
1170
5769
6835
8022
4838
4062
5162
4898
623
4684
3798
3461
288
2715
8265
5393
5361
9267
2254
3671
9221
1316
4143
5089
6825
1363
8328
5836
6560
8429
4311
7193
5297
4758
5118
5383
9723
9598
553
7800
8081
4766
7420
3915
5211
810
260
4040
2904
5329
1650
1942
3160
4367
71
2737
7411
9854
1649
104
7646
7095
1909
5216
6404
7787
4265
1750
7263
3586
6108
356
6908
3028
7472
8822
3725
5852
5426
640
3506
2254
7857
6469
9706
7790
209
9418
2361
2503
5320
9702
3894
4786
5342
6127
9420
222
5628
6280
436
3883
5017
9123
9954
3091
270
5590
290
7282
4203
7285
6382
7144
4403
1850
7750
8287
1084
9213
916
1207
4918
6345
2492
405
8067
4351
669
4455
6330
8131
80
4558
6525
2397
8748
4191
2596
3134
2807
2480
6632
7778
6271
8261
2361
6974
8666
6216
1126
4354
3935
5951
5115
6282
5381
207
4595
2921
2095
8026
5627
2462
4934
6197
3149
6278
2127
5715
6465
1186
4879
1614
6309
2523
2917
7194
9072
3560
1090
7396
6004
3827
8815
7495
9523
4264
6909
9195
4780
6176
3317
5433
4301
755
5275
2838
7675
2496
1845
8564
8652
7998
3153
399
8124
9581
8119
4593
919
2751
5930
9209
3250
9207
4396
449
5827
1810
8741
9096
9144
6442
282
4092
7192
8098
3623
9488
7248
4837
3331
8481
4130
8815
8282
3740
4648
5651
3083
3355
6943
3013
8177
5098
3039
5260
4683
6797
9607
7609
7914
7060
6010
7607
6025
9121
4025
2667
3018
1749
6754
6456
7713
5067
1869
6273
3954
3052
6548
7999
1177
6470
9599
6742
6073
4261
6424
9483
358
7079
1481
1694
6971
6168
4975
2036
1498
3003
4452
9841
3040
9837
7651
5572
3222
551
4483
9496
2369
4631
2001
442
3700
5548
4891
69
7255
4757
7291
6778
4056
5221
8364
6722
5911
8071
2220
6342
3011
7674
7224
2052
6639
7897
4890
7521
5613
3281
2157
3179
8094
6987
9529
226
3971
4872
3056
5681
7091
8100
6174
1237
3314
5635
5655
9958
8881
9389
5555
7399
8798
3501
6544
3613
32
8832
6735
2218
840
1483
1210
8892
4883
4599
2758
3220
7996
8603
5401
7120
8739
9213
8881
4975
1757
2176
9676
9283
7742
9702
6489
7719
9334
7713
7936
2473
7334
3414
687
8709
5642
7541
2305
2238
6149
2586
2653
3476
1579
2837
1374
2523
2483
4494
9847
7999
7380
5566
6909
7718
4855
7983
8108
8841
5023
5005
7478
4165
8095
7644
846
6101
3541
200
4045
9158
8359
828
9131
1271
590
9411
1051
7757
8891
8954
9734
3819
9974
2280
6606
9492
4803
1093
5298
9227
9122
4054
38
9563
2542
8206
3950
2151
709
1205
4527
3127
8685
2156
5746
8601
1541
2619
2240
9605
4374
8040
1908
3361
6024
1853
7699
7092
7930
7201
375
6394
9025
2700
3897
5431
235
5209
1349
3100
3369
2873
8093
3643
2885
7656
3686
678
7506
5996
8303
5546
1403
2001
2787
9925
2335
9823
3906
4783
9832
213
9134
1669
5750
4145
201
5099
9926
9217
6868
7073
2818
3648
2225
2010
9587
3671
9758
7676
5378
7030
9285
9636
494
5552
6816
451
9574
3510
9464
4623
6211
2186
1830
930
1657
123
8615
3261
5493
9961
2098
4134
9296
2682
6477
8171
9862
2334
4740
3452
8666
3271
2742
3596
7427
8909
7441
9673
9241
2490
1044
4875
6616
4835
9464
9284
6192
9038
7152
2173
4804
8452
3909
7407
1622
4457
3786
1339
289
3429
943
5296
4753
1507
1611
6951
1627
9302
6839
6100
7658
6360
4469
6456
2984
970
886
5378
5127
730
3960
7148
1830
7047
9311
7376
8644
6161
6017
2899
1375
8051
8621
4963
3636
2884
2868
2612
9948
4118
6731
9087
532
8701
6323
1216
9885
4764
7000
9691
6752
405
3621
7044
8382
7123
789
6655
6146
2865
2851
824
7311
8146
8165
6230
423
1617
6864
5112
1947
6248
9980
2622
9549
8920
9542
485
5358
9000
5729
8619
7903
4509
2142
8042
5470
3226
8700
7485
3813
7959
5539
5691
3328
7610
