2484
4646
3067
1936
4456
3123
1885
4567
2843
4118
2077
4197
961
1765
4389
1741
4146
2413
394
4554
4168
2268
1295
1350
3411
636
4516
933
3036
3251
2932
4743
1812
4403
2884
1959
3471
352
1080
1719
3105
2560
1947
3046
4755
484
4424
1390
1354
220
2164
4442
206
1308
2132
1233
1753
4202
98
19
4362
422
1784
2542
4616
1240
2563
4034
4004
2967
3939
4547
1226
982
2658
2544
1899
2924
1563
465
1215
548
1979
690
3221
2714
4955
4763
1471
925
561
2770
3862
173
3836
2242
4955
1625
3802
3438
2705
1945
2948
4987
2439
135
4469
610
2401
1821
3774
3271
4595
1340
1688
555
417
3661
4846
4791
555
3204
1152
4472
3498
705
4450
4567
1565
106
608
1191
1903
2130
1979
1426
4740
2388
2877
2887
3183
2993
1424
4294
3216
3232
4
3938
27
183
14
1546
3909
4011
1141
3383
3537
2680
4185
4473
1463
840
1912
1065
706
1814
4170
3460
4833
775
2851
2488
1318
4335
3882
2559
2577
2210
2673
144
257
2511
540
3033
2208
889
1055
4849
400
961
4357
1235
1780
4024
4716
1349
3577
739
3285
3352
4022
1075
1131
196
3432
2573
4359
477
2064
1090
2894
3973
4509
1703
4626
2871
1452
4578
950
4109
4148
682
3203
1998
356
2024
4352
4482
3631
4923
882
4163
3002
2481
1822
1608
2522
2333
4730
493
249
4957
1653
2978
1018
3999
1041
3992
2588
1267
4207
1858
919
3250
4680
2405
365
4372
3109
3741
4228
4450
3672
1495
997
1369
1287
3543
3458
2726
1576
4332
2753
3198
445
1705
4427
2037
539
3544
2762
4889
4313
1294
2985
3377
1525
3339
1975
4263
4057
2430
3387
4618
1999
1748
3448
2689
416
2034
3098
3869
426
4304
1099
1216
3819
4633
78
742
500
867
736
4535
3237
3208
405
26
2559
3567
4871
78
2743
2737
4840
733
2690
1803
1214
3256
4449
2953
479
1475
325
2489
4391
2560
2945
548
1248
4885
3321
4271
4960
819
1166
1744
2418
3760
4394
1165
3548
4579
784
4680
2791
2758
3371
4318
3496
3008
2558
2691
4409
4745
3389
2448
435
861
415
217
3720
3973
2138
2361
2298
4600
1224
225
2609
2055
1634
2980
717
4656
2342
830
4398
2794
1753
1378
771
1690
1760
2547
26
257
4569
585
1733
243
3763
379
3849
453
4613
1480
1147
4114
1900
3145
2106
2050
3344
1116
2589
930
3158
1830
473
688
315
4420
4705
1351
1867
786
2097
3457
1997
1868
2747
4035
4933
3606
73
2051
4244
78
2916
1266
4175
138
4298
4868
3789
2105
105
2529
2154
2908
2414
410
731
3345
3212
3448
2867
3420
1311
2663
4650
1627
1181
3515
718
4755
2252
2116
4936
1186
2605
3898
1923
4214
76
1940
3798
4154
586
4405
2601
4331
1037
2407
2603
1506
231
4839
3611
611
342
1378
1706
570
2318
4086
1216
1150
796
3169
2032
2346
3898
4287
3248
3941
3693
2983
1539
4124
268
2730
1484
4771
1695
2705
3492
3056
2526
3082
3238
567
3606
2947
4799
2682
4983
2431
1747
4859
3335
4954
3057
418
3182
1546
432
1495
156
4786
1770
4434
4916
738
4750
2031
1381
4714
1392
641
1644
1374
565
4952
2874
1965
1365
1987
3703
4287
3310
1113
1299
4649
4064
2116
1626
2144
36
3659
4799
2578
3717
2043
4973
3151
1093
4161
3783
4371
2755
192
2882
2969
947
511
2747
3411
3375
987
4078
4854
4221
1245
204
4144
1796
804
701
2308
4133
3714
4684
2234
3097
1978
3517
646
1055
1282
567
1471
3149
1117
4532
4942
1028
2959
2016
3020
1159
206
4693
3151
4244
3519
856
4101
1867
3866
2076
1873
1790
4675
802
1402
4958
1256
265
1158
1851
4749
2620
2145
2331
4805
4321
1770
317
4290
1635
4292
2608
450
4556
209
4417
606
951
2188
870
2012
1619
1779
236
1171
1416
4814
4629
664
193
3679
4061
2806
863
966
3420
4401
4627
3081
2346
4696
2753
3135
2290
2431
3286
3718
877
2546
4397
1380
2218
244
2058
4005
3430
4395
1858
967
4689
3907
4457
2144
4043
225
4481
3249
4253
626
1683
3249
1444
737
3700
2701
3490
1329
2150
105
2356
4533
1507
1829
2646
1897
329
1062
1076
3649
197
3489
527
3643
1960
3778
3961
514
4091
3896
4764
3573
4429
317
2006
1802
3426
2422
638
2876
4637
3690
4026
2581
2765
2039
1020
2006
330
3154
2739
3378
2147
1829
2481
2107
1920
3121
2081
339
1025
1910
3854
1177
2742
3762
1198
4602
502
3341
4227
1633
4613
4299
4409
3684
3235
866
833
3000
4455
3614
3528
1769
975
1661
3483
3083
1752
4638
2398
4813
1353
2478
4732
927
4256
1937
1329
3411
4009
2021
4349
2628
431
4671
427
4921
181
3560
3911
631
1740
143
1716
1589
4489
4936
2076
4612
3175
706
3096
2229
410
1056
1017
2574
3690
4774
4968
1745
1476
1273
3018
3928
3174
472
4784
4237
327
2957
2662
2971
2367
1325
1942
202
279
3496
3834
226
2952
1734
2600
265
174
39
3497
738
2022
253
2835
4119
4842
734
900
3209
2262
2546
3042
3263
3393
4616
4754
3864
4586
3872
1461
4746
2614
4860
3169
2740
1499
1451
4634
93
1023
1161
3816
1864
165
705
1357
983
1343
592
1668
4372
1022
4816
1322
2699
3242
1025
920
744
2776
2718
3917
451
2748
4731
4841
3868
3733
4845
1294
1987
2390
2753
3748
4916
2954
2840
3916
4436
1144
2779
1850
4520
2479
4276
3391
951
4365
3751
4163
1396
2353
257
943
171
1086
4962
4375
4777
1187
1684
4867
4424
3452
1956
3998
515
4103
3998
2497
2094
1844
4760
1771
2198
3654
4763
2423
1603
3460
4175
4887
2353
2587
2994
568
4465
3431
1598
2696
713
4588
3183
875
1068
952
1851
32
2779
4632
927
1264
1252
587
366
2955
4320
2221
824
1761
2528
956
4849
369
3418
1237
81
2347
1870
3804
4649
4928
1264
4723
1943
2759
4328
3466
1841
3019
2066
3136
1536
3664
1112
1168
1460
4353
3880
4384
411
4790
1186
4620
513
2264
2340
4393
1680
2914
2901
3632
3956
1853
2211
2759
4915
747
4788
2521
3295
610
4957
2769
256
828
4234
755
4275
449
971
1802
1705
1610
4510
410
4603
1622
3313
161
4611
2524
3164
900
3778
1370
3246
3654
4271
2032
4817
2867
3210
2750
4306
2275
1931
4372
2599
491
2241
2644
1665
2602
3254
2158
710
2567
3633
2737
50
4118
1203
223
4305
879
2209
2985
3580
4271
1261
3174
4103
3391
699
4628
2665
3561
4030
3072
472
712
412
2769
2004
3802
504
3095
4708
4243
2598
4751
3224
2220
3985
4687
4261
4991
2544
2512
3172
7
4979
3503
4321
1587
3314
3537
1389
2091
434
1814
57
3624
1393
1447
3325
2042
1207
4137
317
4069
4719
4418
1683
3545
3555
4426
46
3085
1525
4209
2057
951
2721
2376
1116
2404
943
204
2973
215
1473
3220
583
2443
3877
2663
202
2492
1285
2081
1944
3748
3460
565
197
4914
2144
3244
1513
2000
1628
4138
861
707
2012
1087
3501
3232
807
820
2281
3628
1021
4817
1807
2932
3168
426
3182
3494
2169
1475
1836
3095
3063
1423
3806
1381
1580
4102
1980
394
3219
4534
4197
1611
1106
1364
4011
375
2188
2729
4059
1112
1497
3914
1165
4186
3701
1169
1122
3871
2383
3279
174
3471
4193
2318
2738
769
1478
1759
2996
4944
1262
4525
1744
1939
3320
257
2706
2529
4126
8
3023
1051
607
1594
3706
4190
652
4032
1351
924
1012
2760
4363
1972
451
1034
2297
1615
551
1688
2559
2965
1085
1606
163
1167
2373
1764
3448
1670
3627
4824
2324
683
2194
4712
3433
3194
1548
432
416
3283
2062
3435
2728
3422
1847
4981
1820
4571
1295
3729
4277
1800
1325
856
2320
1856
439
3864
1907
1378
2725
4441
676
4973
3826
3002
2348
87
1965
512
2273
553
2327
427
1450
2317
1866
2571
4670
945
3694
3727
855
3737
4150
577
4983
4602
4830
4356
250
2278
2664
1731
4480
2292
1787
3059
1329
2261
2377
1788
4330
4553
669
510
3624
1107
2639
4265
573
483
1802
469
3857
3162
3074
283
2853
4112
2862
2542
4951
395
3309
3160
999
4702
1449
1572
2924
3737
4259
935
2945
1445
911
517
2193
2495
1213
3206
1257
2527
1977
975
3689
3189
4307
1894
1157
1426
4352
1023
3846
309
426
500
773
2346
2853
1933
3828
2935
4555
3964
336
1148
1819
2089
1451
3884
1153
810
1401
2425
3153
1481
2252
1677
4070
2383
3364
2856
1500
1682
3563
276
1905
2623
2285
3112
1017
2186
4454
664
4250
4674
3058
1842
2234
3617
4965
1254
2358
2385
1655
2524
4541
208
3724
301
3721
2174
437
2791
3643
4288
4103
1018
1168
2675
3363
3000
2393
3565
3169
996
1873
2025
4309
811
1647
307
4970
548
2762
3350
4935
3218
836
3574
2159
1210
2717
3940
2113
3555
1714
4022
2381
2619
1168
2331
1579
476
2533
4086
4659
3336
4249
1382
3398
985
3279
2966
1451
2435
1702
4962
716
618
2031
3832
3454
261
4364
4288
568
4480
1303
1208
695
4167
1469
4139
3896
1075
2653
3578
2225
1564
2980
3381
167
297
4078
2620
258
2375
785
912
227
232
1040
4692
1901
92
864
4790
1785
1539
1204
3090
2636
3388
4295
442
2756
3912
3531
2088
4292
2089
3903
3875
2261
620
2067
957
4068
535
1108
4762
2695
4692
2240
933
1549
4103
3000
4147
2671
2828
4681
4412
3251
444
3178
3615
1040
555
57
3540
4876
4053
3718
1500
4941
636
410
12
3121
3575
4804
3805
947
560
4017
2867
1809
949
3484
3927
2264
2639
3746
1285
2083
2892
2625
835
1415
4440
4385
4689
4242
1870
3815
4761
1636
1302
4614
403
2125
4084
773
4572
4671
2011
3526
1406
3410
206
1837
1745
1790
4388
1717
3402
344
2804
4137
1548
3014
2132
4794
2565
2056
708
2677
762
3806
526
2336
667
1316
3818
2639
4840
3850
1654
2889
3024
1512
347
3076
2737
2437
226
290
1236
817
1480
4524
1299
3317
1462
1190
441
4597
632
2209
674
1864
605
685
1079
287
4343
4432
3963
83
2637
4250
1330
1958
4361
1803
1136
4632
171
4339
1882
4395
2714
1719
2521
1773
981
4518
3220
3155
3187
3770
4694
4584
755
2305
4905
710
1190
2134
2368
4050
113
3414
112
3328
3967
148
2557
3766
2812
4336
4612
2393
1332
3651
4098
85
1953
2724
3131
1436
2770
358
1082
2299
2315
4721
4201
1457
4313
4769
1076
984
1365
449
3081
1102
4906
201
2752
1904
2860
2851
553
4035
21
1653
1437
2940
2028
1578
2321
1852
3884
1333
2641
3977
308
3892
2160
4664
2200
3207
3703
2184
2116
4878
2297
4020
1766
1249
2317
3313
3703
3715
2309
2269
4414
1102
1465
4005
1599
1170
2487
4411
2211
1773
2626
1882
2295
955
3717
3562
41
4986
4730
2760
600
1220
4084
3291
4893
2258
1518
2160
1188
2227
1576
4554
4107
4341
1737
185
96
1041
2265
754
4392
1752
4818
801
3284
967
4071
3366
1437
3285
1346
2714
3966
3393
363
1050
2830
4529
334
2878
1846
1712
932
4032
2853
4780
4884
931
1699
2947
2860
776
2879
2613
2548
150
3168
2015
3288
1516
824
2241
3658
1112
809
4542
3760
625
324
3694
4494
4241
631
670
4297
3164
3694
4830
649
3582
4641
574
1791
3568
4685
3747
4491
4938
2363
166
389
1827
1699
4315
4480
4870
4228
968
2692
1298
1318
1889
4704
2661
958
4682
2774
1444
2960
2899
2173
267
3467
3196
4421
2413
4219
4663
3780
1904
1554
4250
1718
2157
4547
2256
256
3297
2434
1962
636
3660
4945
502
2942
4246
3669
3535
817
515
40
4080
3905
224
449
1492
1734
279
4989
241
4703
208
2253
2008
4007
441
523
4775
3455
4548
3902
3964
3916
4244
3749
4661
2164
196
4480
3728
2433
4780
3195
2551
4700
2819
2914
3939
3360
1984
800
3911
1942
2279
1930
1927
1303
273
175
3817
1709
1687
1688
3961
937
3104
4796
2860
1810
4098
1881
849
2002
2224
145
1919
3824
3692
3176
2819
2225
3491
3659
4877
3075
1029
918
1351
2774
2215
3169
259
1560
3430
2005
1161
4666
3853
2545
1727
1217
2158
1495
2651
251
2621
4126
4752
1093
676
754
3087
4253
4255
759
3811
1497
288
2227
15
1426
2222
386
3634
1201
1560
4172
3809
3896
2309
4252
1530
606
4279
998
422
1234
2879
2473
4631
2661
770
2310
297
4407
1996
1581
4791
654
1203
3528
4773
103
3577
4167
378
455
1902
1541
1440
638
4889
3145
2697
203
1173
4237
781
2709
46
1073
866
2897
242
1456
4306
367
3218
1553
1097
3231
1619
1040
1107
2923
1608
4228
2128
2783
4480
3267
1015
3954
243
3878
36
1503
4964
3656
3046
4017
1531
1640
520
1199
3127
1653
3619
580
3399
3933
1226
1834
3860
4287
2597
1264
3445
3498
288
4398
500
3242
4648
2360
549
2835
2186
1640
4965
222
109
2210
4495
4852
2629
3961
3861
163
3535
3010
1668
2260
3226
3128
1069
4771
3928
3375
3576
2449
4756
2395
4203
139
3673
1636
773
2012
4631
4442
4670
97
3348
1163
2129
312
4859
3515
519
4331
1498
673
178
629
1813
4314
4024
4923
2123
3541
621
369
3736
1745
1626
3731
1995
924
499
693
522
3248
1247
3821
283
2275
1165
72
4512
2133
1441
3689
591
2966
3843
1669
2073
2497
4481
1781
2745
3799
4265
1368
3730
2361
1392
4329
3031
1602
892
4068
1760
2946
2130
3635
3696
2310
3581
1997
1265
4541
3281
4059
347
3558
3824
458
3392
4929
421
3822
3823
4390
406
2213
3476
4431
1881
2963
1700
4715
1965
4606
270
3057
748
1345
4334
4734
4151
4536
4367
2480
2611
2002
314
1003
2500
31
4169
4422
3929
3810
1793
2777
2590
1713
1781
3312
420
1890
1370
1323
1425
878
3056
4905
1962
4958
1988
3776
2211
3832
4031
4007
799
2122
3489
0
414
2230
2291
3901
70
3099
2973
4275
322
4411
1446
4481
230
3527
2638
1166
3189
4430
1882
3465
2895
161
942
356
3138
4628
1703
4332
534
3114
4122
1352
4003
2863
4388
4904
458
3871
2285
252
3166
962
3426
3432
3307
1750
2999
3556
2618
4016
3108
2609
2663
2399
2057
1101
35
4983
3487
3516
2767
2281
2795
1291
3614
3187
1077
3200
3945
2619
1224
4066
1411
2483
4417
831
4039
4539
3815
4371
88
4913
3699
1174
1485
2358
1620
4133
4083
2477
3996
4236
59
1684
3881
3562
4688
1656
756
2991
1966
1319
4165
1672
2396
3201
2748
2244
3141
1765
3374
2297
2581
2940
2079
838
4303
977
4651
3025
901
2200
3868
1472
692
2114
2492
805
4414
969
2793
2064
1593
3200
2803
1702
4687
2860
4453
2318
2893
4677
2323
4587
244
866
1993
288
1235
1695
3221
1042
3564
2418
1800
1687
3373
4934
4012
505
3796
3283
3608
924
3052
2101
1350
2912
2064
75
1162
737
368
1435
4844
2205
4216
3066
3537
415
937
754
3508
363
1111
1061
352
3538
3137
2297
3525
3877
2785
3911
3933
2534
1442
98
250
4281
338
3011
3221
1578
1757
4325
1552
2060
4447
3574
1309
3731
550
21
4274
4028
4251
774
215
4477
1212
1678
2806
4451
3156
3277
3660
1634
4328
1888
4068
958
1596
3078
3833
2041
4604
1187
2566
2233
1925
2332
579
4342
3627
597
3252
4158
1077
3461
227
2245
2035
1894
248
499
449
1374
719
1833
119
1233
3290
3860
703
69
2246
4046
3386
38
2266
3147
1352
1247
4529
4932
350
186
3309
3665
4183
3961
2090
1503
4304
4598
4125
1294
656
4045
3748
394
549
4530
689
3740
61
2749
4119
1725
3293
2640
4638
1144
2181
946
4596
3378
86
1983
2856
3361
3226
4895
153
1360
4091
1294
1955
729
641
2480
4047
3980
1638
3570
3526
2378
201
4701
3608
866
2193
2884
3039
3401
1135
2120
2937
2450
278
4887
2337
73
2086
1236
3360
388
1377
3825
1257
217
4525
765
2580
1040
3232
587
1167
4971
1797
4775
4645
1595
3456
393
1622
1456
4684
1753
615
4787
4537
3816
51
3120
2333
4420
4193
2494
334
4505
586
633
2457
726
2606
471
3516
1863
4115
3382
1469
4533
3670
4745
3381
2914
4608
923
2438
3176
4057
1303
4470
3119
1408
2930
1137
2344
116
3241
4272
4032
1810
42
1403
4153
2760
127
524
4206
4247
2532
4512
4343
313
1635
3672
3120
460
2279
729
1865
18
579
3897
4340
3369
2466
1863
2374
2237
4234
2021
318
4948
1783
955
4422
816
3447
3133
2965
3915
1300
4718
4340
2395
1257
2420
813
1210
4110
3042
324
2364
312
3203
1456
3978
3531
4471
4974
798
4351
2831
3643
4204
3240
759
1580
2975
39
1302
4497
2879
3046
33
2221
3594
2537
3719
4808
3914
2241
4306
1430
747
3778
1949
2216
2417
891
2787
3834
4162
3361
4163
463
4358
1223
4583
217
1015
985
3529
514
2853
2686
4486
3109
226
2543
652
3757
443
2122
386
4483
1360
1031
2290
4599
2076
2318
2146
380
1561
1528
4600
1340
3087
781
2860
3700
2970
497
2221
2820
1697
936
4308
896
4422
2651
81
3883
3383
2331
2699
1440
2342
2505
2526
2135
2887
1041
1682
3827
4150
461
4597
2773
2535
407
3891
2461
2781
4591
3642
1705
446
184
1175
2503
134
4489
1706
2824
3274
2766
2328
920
3961
155
3882
1180
4039
1593
4074
2415
3725
1605
1666
4233
2591
3942
4916
1463
557
479
1509
2125
4031
108
4840
2330
4243
3288
2077
37
1334
3431
4165
139
1646
4444
3929
2187
2243
204
2176
1707
3083
2191
2878
3018
2486
3609
2283
2348
79
3242
3818
169
20
1512
1691
3923
88
3548
4736
792
1308
881
1719
4453
3761
4510
1024
1754
64
2805
2505
573
3521
2096
4112
352
2169
4757
3843
4648
4282
4225
3933
2391
298
137
4158
4499
2518
1782
4364
2837
364
2010
4618
3941
1260
4007
1845
2301
665
739
3272
4490
2390
3871
165
1175
1599
1374
4474
4125
4898
1261
4988
1647
1586
33
895
2023
1164
3112
1742
1857
2360
1054
166
4277
1731
3442
3001
53
1286
977
3698
2205
4150
4353
767
3521
4567
2579
2054
918
806
1558
4160
2558
1755
56
1768
2089
4027
1818
2205
3722
1510
2223
2120
4366
43
2802
4617
1295
3992
533
3854
3806
4365
2790
1848
4349
3718
755
1224
1204
4348
1790
3410
4508
455
2194
2838
534
2390
2765
1627
442
2595
1168
556
4685
3661
2358
111
4448
4854
2217
4064
4265
134
1113
3789
1860
958
2018
2695
2487
464
653
2333
4694
4871
1720
3366
60
4658
3276
4471
2176
117
622
1905
2714
4568
450
80
2405
4969
1981
761
3446
915
2738
77
228
4985
2613
2099
4691
689
3251
114
2923
4107
2844
1389
2774
4922
2000
3720
2156
917
203
1424
3113
299
3777
321
4121
2964
3331
1538
4702
901
2972
1350
170
1466
4261
803
769
2943
573
28
657
786
4320
4672
803
3540
2021
2761
357
3954
4758
2677
3372
4931
4246
3794
339
3679
517
1998
4739
4038
2351
1183
1851
2335
2285
945
4283
1919
444
724
1444
950
4994
925
3168
2406
3581
3248
2151
2711
56
3280
2685
1920
512
2894
378
1943
4054
3479
776
2208
4745
3860
3983
2427
1863
61
655
51
2675
3420
3225
1800
2294
404
3449
2816
2001
945
4604
845
4017
2625
1158
3987
1812
4742
1632
13
292
4109
4910
4057
2332
1959
4711
2852
442
3365
198
2129
0
4168
2099
4051
2097
2374
4413
2959
430
592
3784
2440
231
3172
2867
3251
3112
1314
1449
1495
2592
364
4560
3340
1625
3587
2950
3682
2543
498
4358
1361
4288
1200
2291
1401
456
2049
3138
10
4465
2815
3989
1534
2556
2296
3973
1634
2407
1806
1606
4666
4910
811
1630
1554
3005
1767
1511
1975
2806
4291
696
4219
1720
4354
3040
1721
3402
774
694
4441
1563
349
2462
1250
4343
4540
3112
4330
3574
4069
2040
565
4669
3819
4476
3171
4148
1603
32
1703
3932
667
2932
2422
2128
3183
4651
720
3315
4606
391
1848
3017
2385
4345
4613
1387
3267
4686
208
3341
3392
3969
2895
3058
3505
4617
3028
3570
1587
3606
743
4092
1747
3361
4302
2790
4736
380
1139
99
883
3455
2878
3441
3402
4958
4263
3510
4382
2092
1915
761
4705
4000
247
4232
234
3285
4258
1432
4360
4890
1505
4583
2405
4714
3204
4673
4203
511
2198
3262
3797
2456
4189
229
929
317
1487
3630
1362
2260
2599
1701
2158
1772
3938
2951
2485
1211
3707
1005
3532
1017
3773
4660
2878
2141
4546
2420
3514
78
2635
947
1955
276
1261
4155
552
2904
1046
3174
4563
224
1694
3811
1676
2254
769
952
4648
715
4861
3726
1838
4761
4815
3370
871
1613
1801
2581
3857
2189
1808
425
3624
3269
2272
2036
2773
4757
4601
1269
4297
4231
347
919
3517
1227
98
1390
1458
3136
1878
1997
501
2625
2925
1971
736
3924
3111
4561
3376
3555
4530
1262
4311
444
2987
3616
2036
4028
1457
3814
148
2207
678
203
152
2826
1999
4728
857
4238
1997
2331
247
4545
37
3564
4368
2715
893
700
598
4773
3112
3192
2500
1034
3672
309
4330
1272
752
3508
4601
3290
3670
3204
2120
620
191
600
2252
3460
4386
4323
1534
2570
2357
2526
1465
4957
4960
3188
3970
678
1636
4459
676
1006
4445
4337
1969
1485
2325
2684
2354
3678
2551
2191
37
2155
2409
3672
2640
4251
4372
702
1302
1410
3755
1759
1836
2030
1951
32
1802
1943
620
987
4625
3485
2763
31
4767
4515
1362
2105
1951
2716
1416
4565
4679
1749
4128
4726
627
4103
360
1344
4574
2958
1696
3239
3318
2078
3095
4233
4020
4628
1933
3226
3097
1468
2749
4048
2191
4679
4417
4305
2305
3783
4008
3672
1444
2051
4800
2657
1996
3182
3015
1027
2763
4906
4410
3364
24
3082
4721
3190
1663
1033
4158
3887
1030
3571
1081
2806
4459
4869
3998
4696
1206
3917
2716
3897
2375
4287
4104
2573
3566
619
815
3200
823
3678
2326
4810
1159
1584
977
680
256
1722
4815
1750
1895
3338
1062
597
4545
1088
1772
647
225
3910
4548
1816
1764
1672
2035
1364
4453
1682
3854
383
1624
3697
363
524
2991
2451
1261
92
2331
1535
533
2879
645
3392
2819
3886
3117
3024
2857
4734
3916
3439
4355
120
4417
4586
1688
3511
3218
1240
3257
777
2967
349
2748
3713
2737
627
1408
4614
2996
2244
1035
826
224
1491
4185
3769
2745
653
2814
658
4584
4316
3636
3337
4824
1450
684
1847
2317
4783
2988
4202
4199
2873
2129
2762
1294
4442
4801
3563
1143
3757
4818
2948
752
136
1587
2703
1950
4059
7
1473
3502
121
1879
3903
2825
3336
4828
2863
3437
1139
2492
3453
4842
3561
4882
1658
3798
4302
4475
637
846
2868
2585
211
2453
2795
4860
3551
748
1462
548
1714
963
3595
572
4878
2459
2797
4402
1226
2765
589
322
453
571
2293
1501
1087
563
2904
2877
4812
3619
290
748
1832
259
4860
3629
2346
2383
703
3607
1663
4984
4321
4181
497
1468
3778
4884
4489
1552
1760
2661
4615
2642
96
2042
4128
4588
2080
444
188
4003
1734
3547
3764
2427
668
1892
2178
3375
3903
4230
2998
3127
3710
2255
4807
643
1841
815
724
1991
228
1623
3292
2602
1537
2329
3380
3912
4580
2382
1366
3507
780
2894
1289
231
469
4176
1990
4085
1411
3782
3479
4626
509
131
3467
3098
3218
1635
1067
4427
1333
4916
1613
2458
4787
1792
1675
4576
2844
509
1174
720
3417
688
2951
4754
114
69
1060
2997
1181
4600
4900
3310
4606
1369
4162
1041
3676
110
4481
4268
1841
3417
4506
963
523
3725
2704
997
4935
2657
4661
3596
431
4251
523
1302
4585
4429
203
4254
916
758
4088
3233
4263
257
4597
4527
651
1812
4871
2714
750
1346
2160
4857
1710
807
4355
1012
18
2750
3234
399
3967
1839
1625
89
4660
2864
3475
1133
4505
2914
3961
4330
4853
4739
3892
2926
4457
1546
366
2653
4399
2755
3896
3862
770
2133
3917
2939
607
4069
3362
2936
1515
498
4532
761
4677
678
2178
1800
1529
1464
1276
2482
3344
1795
815
857
2607
4093
571
481
4220
3900
4134
1342
904
1246
3698
2731
3534
2024
4386
3298
4042
3279
1250
2635
3702
2144
839
3265
1039
1792
2286
2303
2090
474
1348
4284
1997
3761
2479
2139
3835
4996
4913
4739
2656
1261
4537
1953
3093
1428
4096
1309
2879
4379
2107
3425
3768
4814
2873
2283
1364
298
4365
4290
1916
2279
869
930
3848
2319
863
225
826
4898
3773
1459
4536
3959
1028
2869
1303
1500
50
3667
4076
1444
4505
3488
4817
3662
3977
4603
624
4366
557
4305
3531
2790
1866
1077
2832
1028
3368
686
2159
1605
123
3230
3328
1440
3907
1611
928
4009
2024
1533
4494
4436
2242
1820
408
2816
2522
3450
4966
3939
2468
641
3099
2332
1881
2641
2928
2122
3907
1590
4686
4439
4914
904
3588
376
3471
1016
3830
434
1830
528
3989
3786
2680
349
3211
952
871
3476
4210
797
2505
2229
1400
2252
541
137
3313
1226
268
4798
669
2815
863
2095
72
1740
1726
2528
1983
1401
4116
1176
3904
2952
2386
1455
910
4418
469
2595
4760
3133
4362
2734
3028
3677
781
1611
4107
2053
4107
4076
3059
2766
3730
3116
3347
1974
3916
3657
1617
4618
586
4157
1306
2927
1636
3888
4126
2452
4443
3070
1722
3995
3288
1094
4462
2650
1155
4534
3147
134
1915
2003
585
3425
4278
4786
2453
3710
2876
1380
4191
950
610
318
1625
2785
3955
2097
4933
4073
796
3629
3805
1327
21
580
150
3458
3686
1860
1291
907
2328
2513
697
4296
4042
4435
4031
57
4096
1924
2212
1153
2705
2473
2462
686
4517
572
3452
4113
538
4118
658
1223
2949
1087
3241
3359
1952
1816
1343
541
615
1468
1334
4703
1204
2251
3387
2974
3123
33
2179
3915
695
4053
5000
679
2800
65
1299
33
1082
2801
4100
4933
2514
2190
3924
4550
4995
674
1610
3881
2728
401
3930
2785
1674
4392
4173
309
1996
2702
880
3330
4129
1021
3477
2501
2248
2275
3352
4912
942
3801
3805
2541
658
1647
116
3425
2239
2083
624
834
3846
1592
2960
325
2530
2240
2105
4683
3610
667
2827
3958
1328
1671
2344
1727
819
2214
3049
4680
4028
19
4684
1997
3674
2067
3629
4888
3906
173
3657
1494
246
2048
2977
3521
4340
3623
3619
109
1034
3636
644
1296
361
2642
1486
309
4829
4775
4018
1398
1097
1509
665
1843
1030
915
1492
4741
2895
747
2444
4101
1719
560
2630
1181
2203
974
2676
4405
2273
349
505
1006
4297
1659
1139
1139
4671
2118
4457
1408
1776
2521
1667
1500
1447
4687
2693
1981
3080
1472
4675
2300
3595
4654
302
2867
4326
1567
59
4972
1380
1912
1988
3849
4632
4529
3879
4580
3771
2228
2413
1852
774
60
3632
1644
836
296
4270
3272
4992
1445
270
115
693
4441
4068
2394
2191
1787
1899
3240
3423
2439
1911
3442
1847
3060
742
3178
857
1053
2164
2302
1947
1010
1844
4491
3879
949
4601
1251
2497
4489
989
419
655
3129
2460
4151
3658
4458
2263
3624
2450
3418
3563
1245
1683
3074
2198
203
1934
4019
2160
970
4819
1992
1132
1414
1146
3681
1487
4280
895
1430
2977
1754
3358
4131
3357
1230
4434
156
4337
1267
4140
3503
3580
3264
2028
4155
3168
121
4665
1129
2155
1539
2077
2016
205
2067
99
4058
2008
347
1746
2404
3428
2861
2484
2758
4873
4206
3427
1675
1225
261
3864
3996
3832
761
1268
3309
1282
523
3792
66
4442
4282
879
1098
1770
994
4447
1033
4237
4444
3687
930
7
4631
2591
671
1740
2949
772
4825
2530
2129
1890
1949
3982
4585
495
863
4395
823
4292
208
4586
4057
4437
595
1030
1639
1783
4452
1687
797
2193
700
4719
3088
3948
3486
3953
989
443
2747
2593
4465
2024
3845
1342
1863
2381
1595
1057
2917
3688
3629
3305
2557
2783
3386
4329
4062
1682
4930
4385
2033
966
2383
756
3579
3083
3863
4959
4326
1291
4358
4339
1407
3986
1688
204
85
3511
1386
2981
3794
4541
2594
2587
3069
2788
950
3293
1333
4170
986
2882
265
3177
39
1959
3338
1735
3314
519
1262
1626
3196
3077
179
973
4447
3541
3696
4227
78
2415
3423
1699
2509
2420
1183
1395
4978
3149
2530
4761
1422
939
3390
405
4019
718
4895
4181
4296
1257
4854
3477
3988
405
1171
2649
2413
3305
2113
1995
1069
4611
2566
973
2648
3877
3436
2441
1791
2956
2156
1324
3492
1412
3251
3255
2327
3885
2393
1458
4505
2904
604
3100
3335
4664
4474
1543
2060
3880
1366
4644
296
3947
1670
4787
268
4771
846
2567
1993
4697
4560
665
4631
3472
2211
2680
320
3181
4548
315
4947
2989
1065
4353
4989
